0 0.70043 0.48401 0.20368 0.24322
0 0.74303 0.29941 0.15715 0.18795
0 0.16787 0.44532 0.13084 0.08561
0 0.23071 0.94558 0.12868 0.10745
0 0.32115 0.46244 0.10478 0.09737
0 0.21537 0.28754 0.10735 0.15908
0 0.38933 0.27228 0.10406 0.09908
0 0.73978 0.74245 0.06856 0.11451
0 0.1809 0.67266 0.07986 0.09256
0 0.15191 0.31651 0.08305 0.08022
0 0.49906 0.29524 0.17814 0.09459
0 0.19869 0.1623 0.08618 0.10512
0 0.55153 0.76892 0.06228 0.11798
0 0.56925 0.06926 0.14683 0.13817
0 0.40806 0.15481 0.20214 0.19944
0 0.27186 0.78682 0.11833 0.11067
0 0.4511 0.84082 0.06831 0.10104
0 0.63518 0.30603 0.09104 0.09847
0 0.18656 0.59419 0.07505 0.08003
0 0.72044 0.83284 0.06153 0.10843
0 0.27114 0.8835 0.1042 0.08348
0 0.71902 0.9328 0.05518 0.12302
0 0.56717 0.40467 0.15202 0.14119
0 0.54268 0.85977 0.06807 0.08747
0 0.55583 0.51322 0.1111 0.12617
0 0.40132 0.76968 0.12247 0.13289
0 0.45874 0.04851 0.11568 0.09722
0 0.57959 0.64699 0.06824 0.06716
0 0.67494 0.09752 0.14955 0.19337
0 0.63776 0.84809 0.08289 0.12961
0 0.65714 0.09343 0.10933 0.18702
0 0.48523 0.94313 0.06975 0.11017
0 0.45365 0.43086 0.05958 0.10666
0 0.3471 0.7224 0.06659 0.14236
0 0.67671 0.75054 0.09361 0.11396
0 0.25996 0.52557 0.10652 0.14989
0 0.48926 0.72388 0.08721 0.04152
0 0.70783 0.26992 0.08573 0.12896
0 0.40097 0.75058 0.12485 0.17097
0 0.55292 0.94569 0.05586 0.1065
0 0.62361 0.94606 0.07095 0.10663
0 0.40632 0.58504 0.07399 0.10734
0 0.32885 0.36157 0.06888 0.09987
0 0.296 0.88713 0.05422 0.07578
0 0.67617 0.76734 0.09121 0.0804
0 0.48951 0.74756 0.08722 0.0871
0 0.64123 0.32603 0.10431 0.13869
0 0.42716 0.16634 0.16372 0.17142
