0 0.62421 0.06453 0.19594 0.12901
0 0.18578 0.49909 0.16964 0.14783
0 0.3842 0.79962 0.16046 0.18132
0 0.22824 0.94318 0.13208 0.1124
0 0.61639 0.16593 0.13586 0.14237
0 0.69623 0.80496 0.12681 0.09651
0 0.63549 0.38082 0.07652 0.12419
0 0.63629 0.50016 0.07698 0.13012
0 0.49428 0.19805 0.07413 0.10865
0 0.4775 0.04513 0.09988 0.09022
0 0.46781 0.50404 0.05964 0.10958
0 0.68683 0.30583 0.08694 0.13158
0 0.41279 0.9516 0.10042 0.09525
0 0.17458 0.78938 0.10265 0.06893
0 0.3365 0.29402 0.17788 0.17543
0 0.54453 0.38443 0.10044 0.12099
0 0.54125 0.87587 0.07329 0.13091
0 0.66058 0.93561 0.08371 0.12665
0 0.25263 0.86327 0.09939 0.18044
0 0.21814 0.07405 0.11806 0.14815
0 0.18726 0.26931 0.10175 0.09761
0 0.65242 0.90505 0.10011 0.18778
0 0.30394 0.48157 0.08371 0.13445
0 0.69934 0.69423 0.07125 0.10635
0 0.46446 0.29473 0.05125 0.12741
0 0.21712 0.68803 0.07299 0.08632
0 0.28962 0.68858 0.09121 0.16263
0 0.7 0.61497 0.10669 0.08793
0 0.42518 0.66132 0.11684 0.06686
0 0.59261 0.46748 0.0485 0.12631
0 0.60056 0.32042 0.07734 0.06811
0 0.14662 0.18881 0.06472 0.09236
0 0.25461 0.22436 0.07222 0.10537
0 0.51067 0.44621 0.05375 0.08838
0 0.52241 0.95583 0.0562 0.08649
0 0.6551 0.70464 0.12197 0.10642
0 0.68914 0.11616 0.0678 0.05506
0 0.56301 0.73948 0.09306 0.09092
0 0.20951 0.05319 0.09959 0.10604
0 0.30809 0.67312 0.12863 0.19828
0 0.35061 0.30895 0.14472 0.13678
