0 0.82662 0.06594 0.19066 0.13156
0 0.78985 0.88138 0.13754 0.16341
0 0.58158 0.8294 0.18865 0.19257
0 0.67036 0.29686 0.07274 0.12887
0 0.33065 0.55732 0.14515 0.15066
0 0.83627 0.75783 0.12114 0.08424
0 0.85711 0.28164 0.06326 0.11258
0 0.26144 0.22548 0.08994 0.10924
0 0.31704 0.33981 0.11836 0.13439
0 0.34235 0.06354 0.09753 0.12639
0 0.67691 0.86602 0.08044 0.13404
0 0.83806 0.47068 0.04355 0.12551
0 0.49149 0.7425 0.10338 0.17363
0 0.84495 0.35989 0.05394 0.11963
0 0.50163 0.31452 0.10535 0.16288
0 0.26788 0.13453 0.07843 0.09456
0 0.68625 0.03909 0.109 0.07815
0 0.29935 0.89128 0.12437 0.09825
0 0.76631 0.37755 0.09971 0.11321
0 0.45027 0.26638 0.09259 0.18247
0 0.55412 0.57625 0.07194 0.10106
0 0.79602 0.30748 0.091 0.06089
0 0.59129 0.04592 0.05028 0.0657
0 0.46147 0.05964 0.06767 0.07595
0 0.80115 0.10466 0.08577 0.0648
0 0.59344 0.3206 0.09252 0.09132
0 0.669 0.95765 0.09027 0.08343
0 0.56746 0.38378 0.07109 0.09473
0 0.59274 0.67473 0.10731 0.08605
0 0.40602 0.41522 0.06962 0.10559
0 0.63175 0.45098 0.0675 0.09561
0 0.28677 0.96481 0.09524 0.06899
0 0.74632 0.6665 0.12016 0.10176
0 0.30814 0.77999 0.05948 0.12037
0 0.52983 0.02297 0.10631 0.04571
0 0.63339 0.05117 0.04613 0.09932
0 0.70918 0.56389 0.10258 0.14623
0 0.38059 0.30187 0.1326 0.11618
0 0.48865 0.96999 0.10956 0.05888
0 0.79698 0.2934 0.09157 0.08976
0 0.8894 0.63799 0.07002 0.08985
0 0.81938 0.63231 0.11487 0.08319
0 0.58876 0.96676 0.0975 0.06517
0 0.62228 0.58578 0.06691 0.10949
0 0.76953 0.92428 0.06412 0.08539
0 0.36447 0.30414 0.09961 0.10021
0 0.84374 0.63647 0.16003 0.09268
0 0.76193 0.38102 0.06962 0.10483
0 0.43939 0.88652 0.07909 0.13574
0 0.67879 0.72742 0.08863 0.08563
0 0.35277 0.08278 0.11994 0.16488
