0 0.77183 0.36094 0.13692 0.18779
0 0.75117 0.55514 0.1773 0.20275
0 0.48339 0.26457 0.18558 0.16556
0 0.23216 0.10134 0.12529 0.11506
0 0.35417 0.10663 0.09277 0.08195
0 0.258 0.53234 0.12993 0.09956
0 0.4115 0.55188 0.09237 0.09753
0 0.34642 0.44342 0.09716 0.15499
0 0.55604 0.07052 0.07975 0.14085
0 0.27196 0.44181 0.08601 0.08601
0 0.31605 0.95406 0.09488 0.09056
0 0.53156 0.86561 0.06081 0.0939
0 0.26771 0.21252 0.10832 0.17896
0 0.69543 0.41164 0.09452 0.12811
0 0.70955 0.14745 0.14987 0.22513
0 0.3702 0.8416 0.09858 0.11218
0 0.61721 0.80596 0.05854 0.08947
0 0.31327 0.31468 0.07114 0.11218
0 0.56729 0.39111 0.17698 0.11806
0 0.63102 0.49935 0.1419 0.11302
0 0.77065 0.75773 0.05442 0.09075
0 0.27198 0.72715 0.07654 0.07851
0 0.27814 0.66152 0.06759 0.07036
0 0.56226 0.77208 0.08624 0.05339
0 0.26661 0.01394 0.08349 0.02777
0 0.68974 0.86375 0.08848 0.13136
0 0.75915 0.84438 0.04457 0.07869
0 0.6213 0.12662 0.12043 0.191
0 0.54718 0.39067 0.21992 0.12014
0 0.39841 0.92565 0.05629 0.06805
0 0.62333 0.58312 0.10047 0.10459
0 0.30976 0.78448 0.08938 0.09141
0 0.72187 0.78755 0.07779 0.07755
0 0.34691 0.90958 0.05249 0.05489
0 0.4306 0.76686 0.07528 0.1732
0 0.52069 0.50171 0.05947 0.10301
0 0.49308 0.64011 0.08438 0.11735
0 0.65157 0.49238 0.10132 0.09833
0 0.75714 0.92121 0.03744 0.08725
0 0.70631 0.55519 0.26728 0.20379
0 0.47863 0.38513 0.09182 0.08433
0 0.62804 0.68243 0.05862 0.06859
0 0.34601 0.60473 0.08839 0.14543
0 0.2904 0.18007 0.12908 0.112
0 0.49485 0.62092 0.09043 0.15447
0 0.43699 0.45652 0.08704 0.10749
0 0.56348 0.75751 0.08982 0.08496
0 0.28507 0.2132 0.14353 0.17871
