0 0.78471 0.86367 0.14498 0.188
0 0.33211 0.93875 0.14725 0.12125
0 0.74059 0.52025 0.11635 0.19361
0 0.60359 0.22669 0.05878 0.22378
0 0.45956 0.53864 0.09077 0.09211
0 0.63918 0.46977 0.08999 0.16963
0 0.75229 0.6724 0.12301 0.18183
0 0.48436 0.8785 0.08977 0.16026
0 0.41294 0.06748 0.09183 0.13426
0 0.60894 0.74493 0.17914 0.14823
0 0.49145 0.26747 0.10243 0.25612
0 0.33285 0.6147 0.15345 0.16778
0 0.55662 0.64375 0.13359 0.14377
0 0.45892 0.32698 0.09566 0.11832
0 0.32938 0.32585 0.05756 0.11811
0 0.42847 0.74569 0.05599 0.12209
0 0.31864 0.39241 0.1305 0.25626
0 0.38652 0.86767 0.08778 0.09824
0 0.60564 0.10332 0.11382 0.20577
0 0.32689 0.54235 0.10877 0.10133
0 0.49626 0.9482 0.0832 0.08016
0 0.66014 0.18772 0.07695 0.12148
0 0.66738 0.8884 0.11194 0.15229
0 0.55528 0.12151 0.08925 0.06943
0 0.66024 0.08351 0.04924 0.07228
0 0.38012 0.18078 0.08171 0.13197
0 0.31832 0.36908 0.12936 0.20915
0 0.36752 0.1814 0.05704 0.13051
0 0.56157 0.10158 0.10175 0.11079
0 0.56981 0.85341 0.06491 0.08418
0 0.38557 0.82339 0.10601 0.18187
0 0.337 0.5961 0.1619 0.2066
0 0.29279 0.34627 0.07867 0.16315
0 0.388 0.31598 0.07222 0.07998
0 0.67419 0.90445 0.09596 0.11483
0 0.74992 0.48607 0.09686 0.12462
0 0.39065 0.79307 0.10005 0.12259
0 0.49511 0.21706 0.09286 0.15459
