0 0.92052 0.43061 0.12964 0.11378
0 0.32379 0.69053 0.15676 0.15322
0 0.21919 0.17586 0.13612 0.09158
0 0.57379 0.3589 0.10251 0.12008
0 0.87683 0.23197 0.07737 0.08039
0 0.50458 0.50476 0.0912 0.10867
0 0.32308 0.24406 0.11457 0.17888
0 0.74334 0.22725 0.06897 0.12258
0 0.5252 0.0487 0.09899 0.09749
0 0.86082 0.53361 0.11647 0.1639
0 0.74097 0.81716 0.08787 0.1376
0 0.34191 0.9479 0.11853 0.1028
0 0.25636 0.04581 0.08233 0.09148
0 0.8757 0.13705 0.07155 0.08027
0 0.71837 0.58013 0.06487 0.12771
0 0.66747 0.23518 0.09168 0.13887
0 0.45069 0.25568 0.12587 0.18012
0 0.85533 0.02483 0.11042 0.04963
0 0.82214 0.14925 0.05408 0.1123
0 0.72651 0.445 0.21474 0.1659
0 0.56768 0.95177 0.15262 0.09478
0 0.37885 0.44907 0.12819 0.12793
0 0.45568 0.67094 0.07817 0.12304
0 0.88411 0.72178 0.03682 0.10935
0 0.4629 0.87582 0.09262 0.09278
0 0.80464 0.65362 0.10843 0.1086
0 0.60743 0.04698 0.10102 0.09368
0 0.72058 0.9238 0.09479 0.1377
0 0.53651 0.79585 0.1435 0.11184
0 0.25909 0.44845 0.13847 0.08109
0 0.64371 0.61513 0.05207 0.08692
0 0.55708 0.22045 0.05622 0.12532
0 0.27051 0.40776 0.16033 0.15853
0 0.80735 0.28066 0.05623 0.08768
0 0.61648 0.74733 0.05995 0.09654
0 0.29219 0.90746 0.07844 0.05631
0 0.5953 0.15891 0.05823 0.09556
0 0.53061 0.77212 0.15476 0.15832
0 0.47606 0.81791 0.12857 0.13186
0 0.32886 0.06103 0.08736 0.11933
0 0.2845 0.37605 0.13092 0.0965
0 0.55261 0.62518 0.08314 0.10858
0 0.40231 0.5993 0.04212 0.12591
0 0.28346 0.40553 0.18677 0.16457
0 0.74653 0.12433 0.08291 0.08437
0 0.32127 0.49416 0.0923 0.11541
0 0.59686 0.50866 0.12353 0.10254
0 0.46382 0.29414 0.10774 0.10456
0 0.85427 0.03996 0.11244 0.07965
0 0.44407 0.24381 0.09859 0.14602
0 0.70467 0.43151 0.17076 0.13217
