0 0.12271 0.89877 0.19456 0.20094
0 0.51929 0.79056 0.12901 0.14737
0 0.15885 0.68598 0.1762 0.22257
0 0.69062 0.51754 0.12701 0.14375
0 0.85785 0.32573 0.15475 0.07183
0 0.49707 0.94798 0.1115 0.10289
0 0.32293 0.30119 0.12257 0.16395
0 0.70781 0.16397 0.09754 0.13682
0 0.31961 0.06486 0.1013 0.1297
0 0.31705 0.78076 0.17681 0.15482
0 0.56519 0.12121 0.06914 0.13437
0 0.11613 0.2257 0.14144 0.10033
0 0.67165 0.30664 0.11354 0.14038
0 0.49379 0.51083 0.21119 0.11401
0 0.64583 0.78903 0.13471 0.12973
0 0.41378 0.37044 0.13374 0.19233
0 0.20835 0.50612 0.18113 0.15819
0 0.85749 0.22585 0.0346 0.13323
0 0.17451 0.0697 0.14182 0.13653
0 0.72519 0.36094 0.09629 0.14337
0 0.84421 0.14119 0.07327 0.08713
0 0.70412 0.89933 0.06339 0.05774
0 0.26339 0.86977 0.12622 0.10795
0 0.66618 0.02161 0.05074 0.04305
0 0.79271 0.8999 0.06306 0.08523
0 0.48337 0.09477 0.10411 0.10695
0 0.75764 0.72741 0.1797 0.2298
0 0.86171 0.86581 0.06595 0.09666
0 0.81015 0.54608 0.14223 0.07414
0 0.82945 0.40002 0.05019 0.08258
0 0.76106 0.23941 0.05767 0.11066
0 0.43935 0.25572 0.17588 0.07774
0 0.47148 0.2629 0.11156 0.06276
0 0.12768 0.24614 0.1664 0.14153
0 0.16516 0.09327 0.12204 0.08861
0 0.17576 0.50646 0.11613 0.15634
0 0.23575 0.33259 0.08165 0.11595
0 0.20391 0.09357 0.13086 0.05546
0 0.61601 0.67406 0.09463 0.17846
0 0.38644 0.25008 0.07346 0.0666
0 0.25669 0.37661 0.12491 0.20283
0 0.38894 0.05189 0.0897 0.10336
0 0.18412 0.09367 0.16025 0.08864
0 0.86562 0.87192 0.05782 0.08321
0 0.78397 0.72639 0.2346 0.23311
0 0.61669 0.65778 0.08798 0.14625
0 0.81081 0.57176 0.14261 0.12695
