0 0.169531 0.708333 0.176563 0.183333
0 0.750781 0.090605 0.009687 0.177083
0 0.335156 0.460417 0.170313 0.070833
0 0.575781 0.656050 0.164060 0.010500
0 0.077344 0.308105 0.164060 0.010417
0 0.000000 0.861458 0.146875 0.170917
0 0.046875 0.543750 0.137500 0.141667
0 0.171094 0.103958 0.117188 0.139583
0 0.600344 0.793750 0.089063 0.100833
0 0.378105 0.073958 0.087500 0.143750
0 0.494531 0.503958 0.103438 0.168750
0 0.634375 0.857090 0.081050 0.106050
0 0.310937 0.880090 0.096875 0.139583
0 0.360938 0.764583 0.110500 0.109167
0 0.405781 0.615605 0.117188 0.189583
0 0.680031 0.388540 0.307810 0.064583
0 0.030813 0.969790 0.081050 0.056050
0 0.760500 0.375000 0.146875 0.008333
0 0.505000 0.103105 0.081050 0.139583
0 0.800344 0.175000 0.145313 0.045833
0 0.673438 0.660500 0.046875 0.105000
0 0.453105 0.150083 0.078105 0.075000
0 0.043750 0.145833 0.040605 0.108333
0 0.696875 0.459375 0.084375 0.100917
0 0.568750 0.394790 0.081050 0.156050
0 0.490969 0.305000 0.054688 0.095833
0 0.607344 0.951040 0.079687 0.070917
0 0.360938 0.680008 0.103105 0.100917
0 0.505469 0.806040 0.048438 0.106050
0 0.689844 0.950000 0.060937 0.095833
0 0.199019 0.060500 0.073438 0.100833
0 0.644531 0.318750 0.098437 0.109167
0 0.767188 0.335417 0.137500 0.133333
0 0.747656 0.388540 0.100313 0.181050
