0 0.19402 0.81915 0.14954 0.15998
0 0.79134 0.63539 0.2211 0.13133
0 0.34154 0.34747 0.12477 0.28261
0 0.75878 0.55478 0.13769 0.14667
0 0.65039 0.46607 0.14261 0.17736
0 0.77051 0.82428 0.09966 0.09724
0 0.17206 0.20607 0.13448 0.17156
0 0.54455 0.40382 0.13297 0.22806
0 0.14311 0.35556 0.13512 0.07286
0 0.13858 0.07107 0.12781 0.14207
0 0.32585 0.8034 0.15282 0.2399
0 0.40594 0.41726 0.07422 0.12884
0 0.268 0.03787 0.07845 0.07564
0 0.43141 0.18255 0.12335 0.13847
0 0.68947 0.32026 0.09865 0.15002
0 0.21792 0.4247 0.118 0.14758
0 0.43067 0.08004 0.10986 0.15003
0 0.58474 0.94353 0.12166 0.11137
0 0.34583 0.03022 0.07758 0.06015
0 0.67572 0.73585 0.13848 0.15619
0 0.60115 0.61523 0.10407 0.13529
0 0.40707 0.69798 0.05648 0.10471
0 0.60801 0.16761 0.07155 0.08818
0 0.24945 0.64591 0.09293 0.09577
0 0.58117 0.08044 0.12663 0.12099
0 0.51946 0.75617 0.07102 0.11383
0 0.42409 0.90081 0.12596 0.19531
0 0.43725 0.64448 0.04122 0.10858
0 0.6953 0.98144 0.06766 0.03571
0 0.45724 0.57005 0.07208 0.10635
0 0.55803 0.74041 0.10582 0.19072
0 0.29718 0.12383 0.10903 0.18461
0 0.81423 0.63532 0.17442 0.1296
0 0.38266 0.09051 0.08237 0.12991
0 0.62047 0.25226 0.08548 0.14228
0 0.46506 0.34633 0.06709 0.12047
0 0.43223 0.87935 0.09408 0.15085
0 0.27124 0.57384 0.2038 0.15961
0 0.17418 0.59933 0.17291 0.14814
0 0.67781 0.75824 0.08517 0.13472
0 0.54686 0.74044 0.12892 0.19381
0 0.69095 0.76448 0.11444 0.14697
0 0.18213 0.21525 0.11256 0.15236
0 0.3254 0.7788 0.14977 0.18948
0 0.16162 0.61665 0.14786 0.11405
0 0.5674 0.40483 0.17883 0.22897
