0 0.69377 0.5886 0.10755 0.13664
0 0.62881 0.22662 0.09811 0.095
0 0.67702 0.45303 0.07177 0.10689
0 0.37863 0.88982 0.17212 0.18933
0 0.23656 0.93009 0.09859 0.13826
0 0.47022 0.81223 0.09174 0.15139
0 0.70054 0.76154 0.06721 0.11168
0 0.35404 0.47484 0.0688 0.09491
0 0.43587 0.70738 0.15341 0.16877
0 0.24233 0.70875 0.07331 0.08857
0 0.69445 0.24796 0.05167 0.05467
0 0.59913 0.56493 0.0445 0.10386
0 0.7827 0.49188 0.0808 0.14407
0 0.29348 0.73918 0.10237 0.13384
0 0.6069 0.78388 0.05988 0.13738
0 0.42113 0.26315 0.05468 0.06472
0 0.50026 0.55983 0.08403 0.20457
0 0.44885 0.15104 0.02872 0.05235
0 0.73344 0.93205 0.23181 0.13449
0 0.65993 0.96087 0.0878 0.07662
0 0.49063 0.40626 0.06642 0.10958
0 0.64883 0.81278 0.08895 0.16562
0 0.4396 0.47145 0.06704 0.1072
0 0.5878 0.34802 0.06717 0.05306
0 0.70639 0.36197 0.05216 0.09887
0 0.29779 0.61712 0.07325 0.08151
0 0.3394 0.65242 0.07296 0.06487
0 0.74272 0.80674 0.10637 0.13383
0 0.76938 0.9332 0.15961 0.13234
0 0.41839 0.50442 0.06262 0.07926
0 0.49027 0.18334 0.0324 0.03921
0 0.3068 0.61319 0.0569 0.06002
0 0.52178 0.91705 0.07238 0.08134
0 0.81646 0.71881 0.08398 0.13358
0 0.80255 0.71683 0.11172 0.14151
0 0.25106 0.92986 0.12808 0.13777
0 0.45036 0.16582 0.03282 0.08167
0 0.55305 0.51616 0.0637 0.14375
0 0.79582 0.93872 0.10667 0.12107
0 0.73633 0.93379 0.09254 0.1304
0 0.71583 0.37803 0.07421 0.12932
0 0.29607 0.93542 0.04256 0.09402
0 0.81591 0.69981 0.0829 0.0949
0 0.60557 0.49459 0.0479 0.085
