0 0.68943 0.70916 0.17166 0.22026
0 0.30039 0.13075 0.05074 0.121
0 0.34565 0.38768 0.06983 0.08897
0 0.62537 0.87076 0.14717 0.20104
0 0.47724 0.08685 0.06101 0.11127
0 0.82396 0.71711 0.07349 0.11071
0 0.81867 0.43414 0.08594 0.10079
0 0.48744 0.28 0.06596 0.0923
0 0.52482 0.81425 0.10011 0.15635
0 0.39022 0.44215 0.06145 0.10207
0 0.56442 0.31067 0.06851 0.08574
0 0.38189 0.67507 0.08885 0.12198
0 0.60997 0.26624 0.06584 0.0633
0 0.48893 0.93038 0.08039 0.10895
0 0.36532 0.79771 0.08668 0.1035
0 0.79245 0.79689 0.0551 0.10967
0 0.76015 0.90189 0.08214 0.18051
0 0.44618 0.45204 0.06192 0.07927
0 0.41725 0.53841 0.0606 0.12549
0 0.50112 0.69721 0.06129 0.09367
0 0.6024 0.09897 0.06366 0.05191
0 0.6036 0.41214 0.06977 0.06772
0 0.39955 0.95928 0.12414 0.08062
0 0.56184 0.12554 0.05977 0.11071
0 0.798 0.25136 0.07556 0.06448
0 0.58587 0.48282 0.054 0.09455
0 0.33823 0.55133 0.08423 0.05029
0 0.4872 0.50886 0.06562 0.11445
0 0.33918 0.65706 0.06975 0.15947
0 0.34338 0.26718 0.0851 0.1006
0 0.73912 0.36407 0.09358 0.08708
0 0.68173 0.49244 0.07222 0.08274
0 0.73641 0.58541 0.10047 0.17188
0 0.35336 0.17412 0.06141 0.08952
0 0.77659 0.67123 0.067 0.12682
0 0.71747 0.45711 0.05647 0.09726
0 0.51757 0.1753 0.08772 0.08223
0 0.60265 0.53733 0.07999 0.09637
0 0.45918 0.77686 0.06982 0.08935
0 0.64359 0.29442 0.04762 0.07946
0 0.76469 0.9363 0.07333 0.12005
0 0.39997 0.93812 0.12539 0.12268
0 0.6822 0.48024 0.07363 0.10762
0 0.32458 0.66717 0.04062 0.13842
