0 0.69742 0.8542 0.19231 0.25084
0 0.69491 0.09592 0.0998 0.1163
0 0.36987 0.26573 0.14651 0.29524
0 0.74075 0.5124 0.08557 0.07741
0 0.56259 0.63953 0.14009 0.20534
0 0.38212 0.81495 0.16212 0.1474
0 0.31382 0.11732 0.18508 0.23425
0 0.51855 0.23813 0.10849 0.15114
0 0.53453 0.89448 0.11933 0.19268
0 0.58083 0.37856 0.07596 0.13598
0 0.58279 0.06604 0.05368 0.10034
0 0.14952 0.52653 0.16746 0.19101
0 0.18094 0.33787 0.19654 0.19112
0 0.64979 0.65783 0.11157 0.09462
0 0.30955 0.73106 0.09873 0.07557
0 0.67241 0.21236 0.11021 0.15907
0 0.11134 0.81473 0.06861 0.14302
0 0.12787 0.80987 0.10184 0.15184
0 0.14179 0.50179 0.15215 0.14153
0 0.24759 0.91773 0.08375 0.10749
0 0.26235 0.28713 0.10173 0.16281
0 0.14035 0.6907 0.07669 0.09934
0 0.17477 0.57129 0.11556 0.10198
0 0.18617 0.83206 0.09246 0.09954
0 0.21933 0.03029 0.06824 0.06054
0 0.43197 0.97106 0.11565 0.05656
0 0.5186 0.54959 0.15575 0.17447
0 0.59466 0.15999 0.06239 0.09038
0 0.29074 0.79084 0.08037 0.05518
0 0.13389 0.48429 0.13623 0.10708
0 0.41212 0.08554 0.0751 0.1255
0 0.63529 0.43845 0.06834 0.12184
0 0.33085 0.69372 0.17234 0.14485
0 0.27453 0.12304 0.10722 0.22118
0 0.46548 0.03784 0.08874 0.07555
0 0.51144 0.1084 0.07304 0.09603
0 0.39312 0.60761 0.08055 0.07934
0 0.50192 0.58643 0.18946 0.24932
0 0.70767 0.55841 0.08098 0.1049
0 0.17961 0.52726 0.08101 0.09351
0 0.65001 0.20528 0.15599 0.17435
0 0.72439 0.54173 0.11848 0.13681
0 0.1369 0.31585 0.10861 0.1436
0 0.33043 0.6822 0.17218 0.12097
0 0.34278 0.09125 0.12552 0.18228
