0 0.15415 0.74923 0.17637 0.16984
0 0.47151 0.69293 0.1953 0.25561
0 0.22671 0.45695 0.22144 0.27151
0 0.18478 0.9222 0.15143 0.15381
0 0.62989 0.41961 0.23268 0.27875
0 0.6039 0.07515 0.21993 0.15014
0 0.75364 0.43202 0.13983 0.24566
0 0.32234 0.83307 0.13941 0.1667
0 0.35735 0.10279 0.10792 0.15599
0 0.3582 0.54844 0.14998 0.12184
0 0.70982 0.80366 0.08771 0.17393
0 0.6058 0.89352 0.12231 0.21065
0 0.48825 0.86237 0.08514 0.13362
0 0.50541 0.12623 0.09289 0.12433
0 0.48343 0.28726 0.08801 0.1456
0 0.2764 0.94977 0.09305 0.09861
0 0.13073 0.06137 0.09304 0.12232
0 0.26485 0.32388 0.14521 0.11561
0 0.23778 0.15476 0.12348 0.16963
0 0.5269 0.9435 0.07181 0.11107
0 0.32916 0.66424 0.10675 0.14451
0 0.48336 0.5074 0.12421 0.16145
0 0.45153 0.15858 0.08379 0.06193
0 0.21564 0.92218 0.21339 0.15372
0 0.71121 0.26569 0.13095 0.12768
0 0.23278 0.62581 0.09922 0.09292
0 0.216 0.15971 0.16728 0.18023
0 0.61301 0.9112 0.10246 0.17436
0 0.22052 0.02562 0.07626 0.05114
0 0.36261 0.19169 0.11093 0.1641
0 0.6708 0.86726 0.06329 0.13081
0 0.50296 0.9425 0.11942 0.1125
0 0.4962 0.92833 0.10414 0.08098
0 0.20293 0.57427 0.16085 0.19368
0 0.38957 0.295 0.06982 0.14215
0 0.62193 0.89163 0.15623 0.21426
0 0.32258 0.63862 0.12285 0.19757
0 0.3621 0.53109 0.16082 0.16238
0 0.49239 0.29854 0.1205 0.17324
