0 0.92518 0.09209 0.14896 0.18356
0 0.18665 0.77681 0.20066 0.21366
0 0.39262 0.30414 0.18039 0.20404
0 0.26946 0.60729 0.18334 0.14331
0 0.19967 0.94705 0.15266 0.10439
0 0.75079 0.66725 0.13541 0.24533
0 0.27854 0.4262 0.15147 0.10087
0 0.63726 0.88433 0.08332 0.12282
0 0.36897 0.75505 0.14883 0.18554
0 0.38083 0.50246 0.13577 0.14731
0 0.89945 0.31526 0.15436 0.22916
0 0.51974 0.67113 0.12983 0.15182
0 0.33122 0.9663 0.11999 0.0665
0 0.54671 0.06552 0.08474 0.12991
0 0.63676 0.12244 0.08114 0.09237
0 0.5651 0.41556 0.0882 0.28729
0 0.45621 0.0624 0.05591 0.11548
0 0.49878 0.172 0.11394 0.16757
0 0.30968 0.08518 0.26299 0.17003
0 0.67176 0.51676 0.11968 0.17682
0 0.3162 0.07051 0.17725 0.14082
0 0.81072 0.89499 0.0893 0.11293
0 0.4356 0.84158 0.11116 0.14229
0 0.79813 0.27104 0.10103 0.14259
0 0.79247 0.85649 0.12631 0.18995
0 0.78394 0.82224 0.10876 0.12145
0 0.78437 0.1311 0.10434 0.14568
0 0.29209 0.08291 0.22773 0.16545
0 0.36204 0.90414 0.10179 0.09519
0 0.79142 0.43598 0.09246 0.16112
0 0.23844 0.11749 0.12123 0.10325
0 0.60671 0.62149 0.06426 0.19199
0 0.73335 0.07351 0.09524 0.14598
0 0.6041 0.6117 0.11726 0.21221
0 0.28966 0.8556 0.07127 0.16298
0 0.4847 0.9346 0.06094 0.12802
0 0.83293 0.44782 0.17497 0.18636
0 0.79493 0.51856 0.18753 0.11717
0 0.47877 0.40146 0.1141 0.21401
0 0.56408 0.36988 0.08583 0.18944
0 0.64414 0.13004 0.09558 0.10994
0 0.29317 0.27168 0.08168 0.08255
