0 0.76334 0.25763 0.12803 0.24408
0 0.84349 0.43879 0.12548 0.09925
0 0.71057 0.53291 0.16263 0.17756
0 0.33408 0.39991 0.12883 0.13288
0 0.67668 0.04782 0.12136 0.09553
0 0.41059 0.31808 0.0784 0.15742
0 0.41701 0.93629 0.07811 0.12565
0 0.6571 0.23074 0.10063 0.14979
0 0.32806 0.23415 0.16459 0.18483
0 0.8061 0.72399 0.10812 0.14393
0 0.88567 0.54837 0.06263 0.09927
0 0.47402 0.06391 0.16616 0.12728
0 0.23359 0.29242 0.10945 0.10105
0 0.4318 0.16505 0.10471 0.12105
0 0.2285 0.12716 0.13167 0.17095
0 0.85209 0.62984 0.06938 0.08546
0 0.6816 0.70656 0.13317 0.16631
0 0.86777 0.26186 0.06922 0.07228
0 0.31539 0.77554 0.09305 0.17893
0 0.53418 0.35281 0.19556 0.20595
0 0.9026 0.49282 0.06075 0.09612
0 0.40044 0.61251 0.10129 0.1318
0 0.28159 0.62617 0.10271 0.14361
0 0.4724 0.33392 0.08876 0.10804
0 0.71477 0.81694 0.07857 0.08205
0 0.66119 0.82699 0.05537 0.07213
0 0.59518 0.95096 0.10916 0.09636
0 0.55209 0.75554 0.07495 0.11958
0 0.67004 0.40434 0.1247 0.13051
0 0.74212 0.97695 0.05217 0.04416
0 0.36388 0.86635 0.10738 0.15819
0 0.6101 0.37616 0.08462 0.09341
0 0.57749 0.87667 0.1094 0.08072
0 0.24321 0.43407 0.15391 0.11603
0 0.66672 0.15008 0.0828 0.13581
0 0.27419 0.02927 0.11483 0.05851
0 0.90176 0.96353 0.05843 0.07107
0 0.22837 0.14802 0.13067 0.12659
0 0.39642 0.05532 0.15184 0.11094
0 0.28645 0.05714 0.14111 0.11441
0 0.68872 0.53373 0.11556 0.17554
