0 0.59367 0.16538 0.18299 0.25228
0 0.75862 0.44705 0.1244 0.14361
0 0.71045 0.23741 0.08339 0.10604
0 0.46652 0.58347 0.14564 0.13368
0 0.61615 0.61335 0.13708 0.13921
0 0.71138 0.87733 0.05858 0.12521
0 0.33815 0.92416 0.13043 0.15008
0 0.4627 0.11511 0.11688 0.16692
0 0.65938 0.8015 0.0759 0.1225
0 0.61855 0.72254 0.05869 0.13992
0 0.33746 0.70067 0.09477 0.12913
0 0.56475 0.41454 0.10432 0.10949
0 0.72438 0.05811 0.09995 0.11581
0 0.25398 0.05399 0.19107 0.10837
0 0.36105 0.83133 0.09974 0.09954
0 0.56404 0.91576 0.14715 0.151
0 0.25906 0.39597 0.08037 0.08218
0 0.40779 0.40636 0.06824 0.07916
0 0.36038 0.5716 0.04357 0.09665
0 0.33352 0.31305 0.08288 0.08229
0 0.55107 0.80997 0.109 0.1333
0 0.61032 0.3383 0.07781 0.07251
0 0.08621 0.03415 0.10086 0.06811
0 0.70611 0.64248 0.06479 0.11534
0 0.35286 0.46267 0.06411 0.1099
0 0.41138 0.73133 0.06878 0.10163
0 0.73789 0.461 0.07315 0.11863
0 0.68268 0.05819 0.18377 0.11605
0 0.45303 0.45024 0.08185 0.09106
0 0.65234 0.49538 0.08013 0.09627
0 0.71277 0.31383 0.07769 0.10555
0 0.65327 0.48443 0.07646 0.07443
0 0.26442 0.88571 0.05856 0.0727
0 0.55082 0.72161 0.081 0.11276
0 0.73444 0.55512 0.09374 0.09666
0 0.43768 0.89573 0.07767 0.12353
0 0.51308 0.03553 0.16413 0.07141
0 0.24343 0.91737 0.04695 0.06971
0 0.25817 0.33042 0.08184 0.04663
0 0.46085 0.78732 0.09746 0.11205
0 0.33855 0.38951 0.08355 0.08408
0 0.49435 0.70476 0.07028 0.09841
0 0.36237 0.02103 0.12062 0.0423
0 0.75902 0.42906 0.12419 0.10671
