0 0.919531 0.861458 0.135937 0.093750
0 0.522656 0.394792 0.176563 0.160417
0 0.499219 0.873958 0.076563 0.118750
0 0.723437 0.766667 0.096875 0.087500
0 0.949219 0.701042 0.073438 0.085417
0 0.485938 0.768750 0.087500 0.091667
0 0.967969 0.970833 0.060937 0.054167
0 0.513281 0.516667 0.098437 0.112500
0 0.588281 0.250000 0.157812 0.195833
0 0.352344 0.962500 0.092188 0.070833
0 0.813281 0.639583 0.107813 0.212500
0 0.931250 0.261458 0.053125 0.039583
0 0.354687 0.489583 0.103125 0.087500
0 0.636719 0.632292 0.067187 0.110417
0 0.849219 0.684375 0.048438 0.102083
0 0.417187 0.586458 0.078125 0.122917
0 0.393750 0.739583 0.071875 0.112500
0 0.677344 0.056250 0.082812 0.108333
0 0.814063 0.608333 0.103125 0.150000
0 0.975000 0.928125 0.046875 0.110417
0 0.606250 0.085417 0.087500 0.133333
0 0.535937 0.093750 0.075000 0.083333
0 0.459375 0.088542 0.084375 0.043750
0 0.387500 0.337500 0.115625 0.095833
0 0.423438 0.235417 0.081250 0.070833
0 0.738281 0.922917 0.120313 0.150000
0 0.837500 0.248958 0.118750 0.243750
0 0.710938 0.440625 0.078125 0.097917
0 0.715625 0.643750 0.071875 0.079167
0 0.451562 0.966667 0.065625 0.062500
0 0.369531 0.731250 0.120313 0.125000
0 0.460938 0.343750 0.118750 0.066667
0 0.760156 0.921875 0.167187 0.152083
0 0.485156 0.651042 0.095312 0.135417
0 0.857812 0.890625 0.043750 0.097917
0 0.599219 0.204167 0.129688 0.104167
0 0.353125 0.643750 0.087500 0.062500
0 0.794531 0.893750 0.098437 0.083333
0 0.651563 0.750000 0.056250 0.050000
0 0.375000 0.073958 0.084375 0.060417
0 0.799219 0.713542 0.070312 0.068750
0 0.741406 0.957292 0.110937 0.081250
0 0.662500 0.888542 0.053125 0.122917
0 0.355469 0.506250 0.104688 0.120833
0 0.739062 0.317708 0.128125 0.102083
