0 0.78235 0.31287 0.16451 0.21862
0 0.75637 0.14221 0.15748 0.18377
0 0.32216 0.20825 0.0987 0.08974
0 0.41774 0.1721 0.10093 0.1684
0 0.27891 0.33017 0.14261 0.10312
0 0.45553 0.33416 0.09276 0.09455
0 0.37722 0.83322 0.13575 0.15248
0 0.65433 0.34791 0.10417 0.11345
0 0.74167 0.95998 0.12265 0.07893
0 0.65994 0.58253 0.06391 0.10089
0 0.59297 0.65515 0.08422 0.10526
0 0.77912 0.88586 0.09461 0.07175
0 0.69318 0.24907 0.09339 0.11384
0 0.28342 0.04998 0.12441 0.09972
0 0.62278 0.27348 0.07239 0.07626
0 0.79006 0.52067 0.04666 0.0702
0 0.52781 0.42957 0.09514 0.12798
0 0.63446 0.40972 0.05767 0.08164
0 0.30343 0.4804 0.07241 0.08251
0 0.36144 0.05836 0.06941 0.11641
0 0.79242 0.79639 0.12795 0.08797
0 0.79394 0.60423 0.03528 0.08915
0 0.51099 0.06134 0.16377 0.12256
0 0.37738 0.41367 0.09033 0.16594
0 0.42227 0.64635 0.09821 0.09773
0 0.45794 0.72757 0.07305 0.07889
0 0.52381 0.13969 0.09293 0.09665
0 0.46451 0.48852 0.05876 0.13308
0 0.32491 0.63697 0.10833 0.08926
0 0.52215 0.77572 0.08231 0.13606
0 0.60843 0.15623 0.17129 0.10184
0 0.33164 0.14822 0.08093 0.07052
0 0.58078 0.65968 0.05961 0.09513
0 0.58659 0.95971 0.09946 0.07925
0 0.54745 0.28936 0.06769 0.10585
0 0.6169 0.55248 0.07985 0.04469
0 0.58887 0.15184 0.21159 0.11404
0 0.29828 0.55624 0.08307 0.09237
0 0.36126 0.0468 0.06716 0.09286
0 0.5948 0.87378 0.09228 0.10069
0 0.51547 0.92045 0.08924 0.15706
0 0.3223 0.90314 0.10609 0.06455
0 0.26915 0.04653 0.09315 0.09299
0 0.47368 0.57194 0.09848 0.1808
0 0.7525 0.56097 0.07452 0.06189
0 0.77468 0.79665 0.09518 0.0873
0 0.75283 0.54498 0.07502 0.09347
