0 0.81622 0.49749 0.06426 0.10535
0 0.47959 0.95426 0.11971 0.09061
0 0.48619 0.10518 0.07393 0.12943
0 0.36098 0.0607 0.10654 0.12118
0 0.54133 0.61051 0.08893 0.11283
0 0.20058 0.82757 0.09899 0.19087
0 0.74752 0.9105 0.10282 0.11905
0 0.82516 0.40265 0.06411 0.09475
0 0.79542 0.25011 0.06873 0.09328
0 0.34876 0.42182 0.0774 0.09942
0 0.66552 0.12247 0.09501 0.2083
0 0.40089 0.2197 0.14563 0.1265
0 0.7429 0.7529 0.11916 0.10986
0 0.25549 0.14614 0.07998 0.1233
0 0.86877 0.92849 0.03818 0.09683
0 0.80919 0.68641 0.07464 0.10189
0 0.18973 0.04823 0.11291 0.07091
0 0.58536 0.80062 0.12797 0.12687
0 0.65689 0.87338 0.10208 0.15804
0 0.3201 0.26406 0.07393 0.06092
0 0.69759 0.2097 0.04895 0.10471
0 0.35212 0.71743 0.07193 0.11192
0 0.79301 0.84494 0.14327 0.16932
0 0.59254 0.45023 0.10712 0.11774
0 0.71572 0.94919 0.18869 0.10062
0 0.57011 0.28669 0.08773 0.06115
0 0.19324 0.11108 0.06848 0.12461
0 0.57763 0.14624 0.09434 0.15438
0 0.17015 0.40705 0.15252 0.15208
0 0.22776 0.92154 0.14175 0.12041
0 0.36409 0.92492 0.08471 0.1491
0 0.5715 0.94948 0.06074 0.09953
0 0.74269 0.67501 0.06549 0.07795
0 0.51392 0.36647 0.05629 0.11332
0 0.5666 0.94931 0.07098 0.09991
0 0.1997 0.41537 0.21224 0.17031
0 0.42911 0.63169 0.10651 0.13587
0 0.24366 0.3342 0.08337 0.09458
0 0.32331 0.19402 0.08482 0.13822
0 0.74986 0.37717 0.09423 0.04171
0 0.64002 0.28695 0.05963 0.07403
0 0.2839 0.60171 0.06906 0.07805
0 0.19756 0.60374 0.09616 0.06892
0 0.68573 0.94877 0.12769 0.10132
0 0.26592 0.35261 0.12815 0.13191
0 0.14173 0.44606 0.06378 0.06696
0 0.4153 0.6427 0.07808 0.1101
0 0.60876 0.76949 0.081 0.06235
0 0.27216 0.68288 0.10393 0.1218
0 0.71842 0.54648 0.05193 0.07398
0 0.59808 0.75848 0.15487 0.21176
0 0.28264 0.0287 0.08641 0.05693
0 0.50945 0.1858 0.07281 0.12435
0 0.60275 0.46217 0.08695 0.09165
0 0.81349 0.84408 0.10126 0.16729
0 0.66314 0.13691 0.08711 0.16734
