0 0.62842 0.10776 0.0957 0.12157
0 0.57846 0.71999 0.14468 0.2019
0 0.42976 0.92264 0.10592 0.15299
0 0.71844 0.30908 0.06839 0.10758
0 0.58066 0.89621 0.09125 0.13833
0 0.8016 0.66605 0.06777 0.1153
0 0.43672 0.54893 0.08381 0.11428
0 0.77615 0.95504 0.09647 0.08835
0 0.45964 0.74752 0.07511 0.12024
0 0.73246 0.84641 0.17911 0.20178
0 0.2874 0.93365 0.15461 0.13115
0 0.79949 0.12726 0.06811 0.09336
0 0.34417 0.18854 0.17182 0.14699
0 0.3912 0.05579 0.07881 0.11089
0 0.48811 0.39593 0.06776 0.09438
0 0.53579 0.48447 0.09552 0.12767
0 0.7225 0.2093 0.07585 0.08637
0 0.73519 0.4285 0.04623 0.12523
0 0.29408 0.63714 0.0439 0.09531
0 0.40042 0.10431 0.06346 0.06594
0 0.57709 0.62924 0.09205 0.08496
0 0.54681 0.07183 0.09718 0.14253
0 0.33727 0.51387 0.08929 0.13102
0 0.71556 0.15109 0.07354 0.06056
0 0.62341 0.96514 0.13618 0.06839
0 0.50085 0.34468 0.15979 0.12973
0 0.62837 0.41678 0.11229 0.22399
0 0.18566 0.97497 0.09237 0.0487
0 0.65969 0.72481 0.19028 0.21232
0 0.29519 0.23365 0.07052 0.04166
0 0.33443 0.3067 0.07986 0.07965
0 0.34831 0.74959 0.11422 0.03525
0 0.65239 0.05017 0.11085 0.09977
0 0.47544 0.22082 0.06358 0.06659
0 0.47118 0.1461 0.0798 0.09796
0 0.24996 0.35393 0.08055 0.07491
0 0.38697 0.66325 0.11618 0.13718
0 0.32414 0.4108 0.09873 0.08126
0 0.77802 0.10412 0.11204 0.14034
0 0.53415 0.08698 0.07224 0.11155
0 0.37621 0.32811 0.08595 0.1019
0 0.65589 0.2745 0.07105 0.07577
0 0.5573 0.74774 0.10237 0.14618
0 0.62879 0.4569 0.11058 0.14435
0 0.5131 0.32533 0.13252 0.08973
0 0.70716 0.6837 0.10137 0.13766
0 0.54328 0.49592 0.08002 0.10425
