0 0.752344 0.386458 0.110937 0.143750
0 0.665625 0.295833 0.087500 0.104167
0 0.503906 0.133333 0.067187 0.120833
0 0.201563 0.326042 0.068750 0.106250
0 0.482812 0.665625 0.078125 0.122917
0 0.407813 0.869792 0.159375 0.222917
0 0.597656 0.752083 0.104688 0.137500
0 0.728125 0.927083 0.112500 0.141667
0 0.814063 0.952083 0.071875 0.091667
0 0.180469 0.906250 0.060937 0.104167
0 0.553906 0.803125 0.104688 0.135417
0 0.616406 0.623958 0.089063 0.106250
0 0.735938 0.766667 0.200000 0.254167
0 0.743750 0.535417 0.106250 0.158333
0 0.753125 0.535417 0.087500 0.158333
0 0.325781 0.366667 0.051562 0.079167
0 0.367969 0.441667 0.098437 0.075000
0 0.559375 0.503125 0.084375 0.093750
0 0.221875 0.620833 0.056250 0.100000
0 0.302344 0.798958 0.076563 0.156250
0 0.654687 0.958333 0.059375 0.079167
0 0.154688 0.984375 0.084375 0.027083
0 0.205469 0.741667 0.045312 0.104167
0 0.542188 0.344792 0.075000 0.072917
0 0.425000 0.408333 0.096875 0.275000
0 0.555469 0.141667 0.045312 0.070833
0 0.278906 0.459375 0.079687 0.043750
0 0.391406 0.234375 0.045312 0.043750
0 0.257812 0.944792 0.128125 0.081250
0 0.674219 0.530208 0.095312 0.202083
0 0.215625 0.425000 0.059375 0.062500
0 0.247656 0.720833 0.067187 0.095833
0 0.736719 0.805208 0.198437 0.172917
0 0.222656 0.426042 0.076563 0.068750
0 0.264062 0.887500 0.040625 0.062500
0 0.652344 0.287500 0.060937 0.087500
0 0.175781 0.971875 0.129688 0.052083
