0 0.80354 0.17896 0.10394 0.12348
0 0.7724 0.31489 0.1354 0.07676
0 0.28601 0.51623 0.09417 0.10829
0 0.70682 0.2344 0.11275 0.12482
0 0.58085 0.91755 0.11382 0.13929
0 0.7649 0.54829 0.08534 0.12104
0 0.14374 0.26544 0.21838 0.12897
0 0.21565 0.46721 0.09409 0.0995
0 0.75632 0.43554 0.08189 0.1132
0 0.58629 0.02128 0.08146 0.04259
0 0.25691 0.71763 0.16163 0.21848
0 0.31759 0.15307 0.13751 0.15988
0 0.32956 0.4483 0.08157 0.11591
0 0.74346 0.43547 0.10875 0.11497
0 0.45341 0.42342 0.06593 0.09048
0 0.4412 0.18499 0.11845 0.1239
0 0.34529 0.03112 0.13596 0.06234
0 0.66106 0.54468 0.10699 0.05131
0 0.30562 0.29351 0.11645 0.09542
0 0.64056 0.40565 0.08771 0.10421
0 0.54407 0.75029 0.11301 0.18921
0 0.37527 0.92653 0.08668 0.07644
0 0.48731 0.96114 0.06445 0.0764
0 0.62641 0.08133 0.09158 0.07301
0 0.51868 0.33085 0.13195 0.15355
0 0.22576 0.38097 0.10079 0.12831
0 0.19337 0.09522 0.0598 0.10606
0 0.10577 0.26879 0.14293 0.12253
0 0.70587 0.7692 0.14028 0.13775
0 0.36642 0.33756 0.0906 0.10023
0 0.37957 0.75363 0.12559 0.1224
0 0.30408 0.96229 0.102 0.07382
0 0.48617 0.10381 0.05776 0.13605
0 0.60378 0.40516 0.1615 0.10659
0 0.64724 0.65562 0.08301 0.11492
0 0.22151 0.05933 0.0818 0.11768
0 0.73517 0.65846 0.09349 0.11242
0 0.36169 0.03072 0.09673 0.06102
0 0.27287 0.88478 0.08738 0.10073
0 0.41247 0.52729 0.0694 0.08435
0 0.36605 0.63258 0.10936 0.15486
0 0.29247 0.88563 0.12708 0.10267
0 0.53721 0.22141 0.07274 0.13331
0 0.10499 0.24894 0.14211 0.081
0 0.17761 0.2668 0.14784 0.12658
0 0.30375 0.15272 0.16661 0.16275
