0 0.727344 0.259375 0.145313 0.181250
0 0.735938 0.559375 0.137500 0.156250
0 0.744531 0.085417 0.110937 0.091667
0 0.666406 0.702083 0.120313 0.179167
0 0.302344 0.238542 0.076563 0.139583
0 0.570312 0.591667 0.150000 0.233333
0 0.580469 0.259375 0.110937 0.118750
0 0.542188 0.073958 0.118750 0.106250
0 0.334375 0.704167 0.137500 0.120833
0 0.814844 0.421875 0.176563 0.097917
0 0.141406 0.722917 0.051562 0.095833
0 0.175781 0.040625 0.120313 0.077083
0 0.436719 0.953125 0.198437 0.089583
0 0.480469 0.812500 0.142187 0.195833
0 0.256250 0.104167 0.090625 0.129167
0 0.177344 0.427083 0.079687 0.091667
0 0.501563 0.507292 0.081250 0.077083
0 0.563281 0.960417 0.060937 0.075000
0 0.671875 0.334375 0.112500 0.122917
0 0.630469 0.931250 0.095312 0.133333
0 0.328906 0.450000 0.142187 0.091667
0 0.752344 0.900000 0.070312 0.079167
0 0.784375 0.732292 0.150000 0.068750
0 0.525781 0.719792 0.170313 0.202083
0 0.210938 0.810417 0.062500 0.075000
0 0.149219 0.373958 0.098437 0.060417
0 0.220312 0.481250 0.087500 0.058333
0 0.219531 0.564583 0.110937 0.125000
0 0.682031 0.810417 0.114062 0.133333
0 0.126562 0.180208 0.175000 0.106250
0 0.223438 0.627083 0.084375 0.150000
0 0.156250 0.362500 0.112500 0.083333
0 0.421875 0.460417 0.062500 0.116667
0 0.491406 0.422917 0.064062 0.087500
0 0.241406 0.384375 0.085938 0.102083
0 0.236719 0.173958 0.079687 0.114583
0 0.588281 0.138542 0.079687 0.097917
0 0.579688 0.380208 0.078125 0.097917
0 0.412500 0.955208 0.068750 0.085417
0 0.686719 0.051042 0.070312 0.097917
0 0.321094 0.905208 0.085938 0.072917
0 0.641406 0.471875 0.089063 0.110417
0 0.752344 0.677083 0.085938 0.075000
0 0.581250 0.237500 0.112500 0.162500
0 0.689844 0.214583 0.095312 0.100000
0 0.396875 0.184375 0.125000 0.068750
