0 0.666406 0.347917 0.142187 0.162500
0 0.583594 0.946875 0.139063 0.102083
0 0.853125 0.932292 0.109375 0.131250
0 0.550000 0.207292 0.178125 0.272917
0 0.785156 0.807292 0.089063 0.127083
0 0.739062 0.207292 0.165625 0.131250
0 0.219531 0.710417 0.135937 0.191667
0 0.796875 0.445833 0.206250 0.208333
0 0.295312 0.151042 0.106250 0.081250
0 0.832031 0.059375 0.185938 0.093750
0 0.171875 0.120833 0.096875 0.112500
0 0.057031 0.496875 0.054688 0.110417
0 0.125000 0.585417 0.068750 0.104167
0 0.651563 0.875000 0.168750 0.162500
0 0.257031 0.760417 0.117188 0.129167
0 0.118750 0.146875 0.109375 0.102083
0 0.474219 0.032292 0.092188 0.060417
0 0.390625 0.036458 0.059375 0.068750
0 0.254688 0.870833 0.109375 0.079167
0 0.241406 0.225000 0.110937 0.112500
0 0.418750 0.204167 0.125000 0.054167
0 0.478125 0.387500 0.125000 0.170833
0 0.702344 0.055208 0.160938 0.106250
0 0.333594 0.777083 0.089063 0.100000
0 0.628906 0.875000 0.123438 0.162500
0 0.285938 0.978125 0.043750 0.039583
0 0.283594 0.464583 0.123438 0.079167
0 0.678125 0.515625 0.143750 0.193750
0 0.697656 0.963542 0.076563 0.068750
0 0.398438 0.702083 0.103125 0.083333
0 0.452344 0.978125 0.089063 0.039583
0 0.390625 0.859375 0.100000 0.035417
0 0.523438 0.825000 0.059375 0.145833
0 0.251563 0.314583 0.109375 0.150000
0 0.205469 0.394792 0.160938 0.143750
0 0.607812 0.732292 0.156250 0.193750
0 0.444531 0.585417 0.126562 0.133333
0 0.400000 0.452083 0.087500 0.108333
0 0.210938 0.419792 0.146875 0.093750
0 0.371094 0.340625 0.089063 0.077083
0 0.776563 0.945833 0.078125 0.104167
0 0.304688 0.334375 0.059375 0.122917
0 0.702344 0.084375 0.160938 0.164583
0 0.690625 0.880208 0.093750 0.118750
0 0.528125 0.513542 0.150000 0.160417
0 0.236719 0.533333 0.120313 0.108333
0 0.364063 0.966667 0.084375 0.062500
0 0.341406 0.554167 0.092188 0.100000
0 0.313281 0.682292 0.067187 0.085417
0 0.797656 0.476042 0.204687 0.147917
0 0.410938 0.859375 0.143750 0.039583
0 0.701562 0.131250 0.112500 0.079167
0 0.759375 0.397917 0.118750 0.112500
0 0.202344 0.034375 0.089063 0.064583
0 0.523438 0.809375 0.059375 0.114583
