0 0.775781 0.121875 0.160938 0.152083
0 0.689063 0.271875 0.134375 0.177083
0 0.685156 0.957292 0.129688 0.077083
0 0.242188 0.038542 0.118750 0.072917
0 0.626563 0.760417 0.115625 0.158333
0 0.300781 0.179167 0.098437 0.112500
0 0.819531 0.338542 0.192188 0.185417
0 0.587500 0.134375 0.193750 0.264583
0 0.853906 0.756250 0.089063 0.116667
0 0.229687 0.427083 0.056250 0.087500
0 0.820312 0.371875 0.190625 0.118750
0 0.803906 0.643750 0.073438 0.104167
0 0.173437 0.342708 0.046875 0.097917
0 0.318750 0.517708 0.109375 0.152083
0 0.458594 0.731250 0.185938 0.100000
0 0.798438 0.781250 0.075000 0.154167
0 0.356250 0.631250 0.087500 0.075000
0 0.483594 0.394792 0.157812 0.193750
0 0.657813 0.682292 0.109375 0.127083
0 0.456250 0.960417 0.068750 0.075000
0 0.435937 0.952083 0.118750 0.091667
0 0.357812 0.552083 0.087500 0.100000
0 0.328906 0.371875 0.126562 0.118750
0 0.334375 0.521875 0.140625 0.160417
0 0.392188 0.741667 0.053125 0.079167
0 0.415625 0.575000 0.071875 0.095833
0 0.829688 0.776042 0.137500 0.160417
0 0.448437 0.727083 0.075000 0.091667
0 0.557031 0.934375 0.098437 0.127083
0 0.783594 0.297917 0.114062 0.104167
0 0.722656 0.782292 0.076563 0.114583
0 0.484375 0.633333 0.121875 0.041667
