0 0.75739 0.14175 0.15382 0.18778
0 0.68716 0.31835 0.18262 0.21852
0 0.47882 0.93097 0.13976 0.13696
0 0.29804 0.71462 0.12293 0.14318
0 0.2331 0.26804 0.10665 0.07188
0 0.35769 0.28772 0.08887 0.0865
0 0.25701 0.13478 0.08809 0.14266
0 0.20757 0.15809 0.05942 0.07752
0 0.72315 0.91289 0.11241 0.08788
0 0.41367 0.11812 0.09154 0.08845
0 0.5087 0.14016 0.16843 0.09067
0 0.72206 0.54838 0.06385 0.09979
0 0.55114 0.56299 0.05024 0.09443
0 0.30246 0.96075 0.14705 0.0773
0 0.57164 0.24107 0.12781 0.1161
0 0.42348 0.04958 0.16535 0.0989
0 0.24485 0.03471 0.06799 0.06942
0 0.24964 0.46078 0.06442 0.07835
0 0.69617 0.62314 0.06379 0.09121
0 0.25121 0.39536 0.06189 0.06681
0 0.56022 0.34149 0.09725 0.10475
0 0.74442 0.84312 0.05587 0.0815
0 0.40935 0.8697 0.09249 0.14678
0 0.59056 0.96312 0.07051 0.07271
0 0.31721 0.55419 0.09839 0.09151
0 0.64145 0.1511 0.09129 0.10138
0 0.6904 0.70655 0.05695 0.10169
0 0.5855 0.46936 0.06016 0.07941
0 0.62196 0.62402 0.07013 0.11734
0 0.55822 0.63961 0.05097 0.0704
0 0.42145 0.53637 0.12023 0.14855
0 0.47621 0.25859 0.04861 0.10194
0 0.66269 0.56593 0.07712 0.06789
0 0.66091 0.45801 0.0976 0.07524
0 0.37875 0.1952 0.08356 0.09046
0 0.46782 0.61102 0.05194 0.07216
0 0.50293 0.82804 0.09655 0.07534
0 0.64448 0.1688 0.09849 0.1363
0 0.30296 0.3418 0.07718 0.13827
0 0.51459 0.71056 0.062 0.0883
0 0.6823 0.8191 0.12745 0.0869
0 0.66987 0.95398 0.06102 0.09016
0 0.76776 0.15062 0.13431 0.16652
