0 0.45153 0.17995 0.07791 0.11896
0 0.59674 0.40449 0.11487 0.14955
0 0.64575 0.86143 0.20255 0.22844
0 0.61759 0.57658 0.10629 0.13353
0 0.68003 0.261 0.07524 0.12046
0 0.33819 0.30117 0.15089 0.06952
0 0.56768 0.14162 0.15428 0.14834
0 0.32408 0.46252 0.17702 0.17321
0 0.718 0.5003 0.08196 0.08482
0 0.69989 0.41923 0.08082 0.09571
0 0.51544 0.80979 0.07998 0.09763
0 0.48876 0.87722 0.08318 0.10599
0 0.93172 0.76231 0.06574 0.12905
0 0.86202 0.68469 0.06223 0.07726
0 0.82449 0.42407 0.0674 0.09096
0 0.75324 0.33571 0.10247 0.09488
0 0.78953 0.89788 0.10453 0.12529
0 0.40655 0.81075 0.05801 0.09831
0 0.4739 0.38686 0.10192 0.15264
0 0.35731 0.85987 0.10036 0.09176
0 0.69562 0.34705 0.07206 0.06339
0 0.69967 0.68693 0.0431 0.08484
0 0.58299 0.71788 0.12697 0.11105
0 0.84008 0.72871 0.0474 0.10445
0 0.32911 0.76979 0.11281 0.09882
0 0.37796 0.70204 0.14592 0.1538
0 0.7309 0.60111 0.03871 0.09925
0 0.95001 0.88165 0.04817 0.10026
0 0.30926 0.63299 0.10029 0.04036
0 0.89355 0.76601 0.06932 0.05694
0 0.32542 0.42474 0.12953 0.09789
0 0.76796 0.57291 0.06679 0.06855
0 0.27291 0.7862 0.06367 0.06046
0 0.9125 0.87821 0.06383 0.09609
0 0.32418 0.49068 0.17577 0.1065
0 0.38054 0.93919 0.06214 0.07579
0 0.44529 0.53474 0.06866 0.13429
0 0.79203 0.51576 0.03575 0.06306
0 0.34905 0.99132 0.06923 0.01678
0 0.3909 0.54612 0.07234 0.10178
0 0.59145 0.10398 0.08783 0.07277
0 0.55513 0.90793 0.0411 0.09978
0 0.41842 0.5354 0.1256 0.13723
0 0.61404 0.92569 0.07895 0.10569
0 0.36192 0.72344 0.181 0.19317
0 0.3661 0.86149 0.07736 0.08531
0 0.88944 0.77707 0.07813 0.07783
