0 0.70156 0.83342 0.16654 0.21837
0 0.54698 0.15254 0.16896 0.13199
0 0.32122 0.50153 0.19517 0.23546
0 0.50581 0.39298 0.13813 0.16141
0 0.60378 0.40185 0.08744 0.14606
0 0.43152 0.17954 0.06702 0.12307
0 0.63895 0.26134 0.04285 0.09394
0 0.27584 0.31437 0.17794 0.08649
0 0.61735 0.56428 0.08113 0.12826
0 0.46663 0.76825 0.15181 0.22256
0 0.91057 0.91885 0.09179 0.09685
0 0.28637 0.68489 0.19536 0.10284
0 0.86371 0.97195 0.0877 0.05469
0 0.69803 0.64024 0.06145 0.10374
0 0.34961 0.86214 0.10357 0.1232
0 0.83311 0.67939 0.0327 0.10404
0 0.2454 0.62811 0.09528 0.04982
0 0.46677 0.53662 0.10894 0.17415
0 0.32631 0.67113 0.11651 0.07396
0 0.66497 0.48146 0.09549 0.07581
0 0.40739 0.9335 0.10451 0.12883
0 0.2518 0.70532 0.12727 0.05965
0 0.67903 0.41061 0.07527 0.08881
0 0.58596 0.96322 0.07856 0.07235
0 0.85128 0.76541 0.08327 0.09646
0 0.52682 0.83824 0.05181 0.10061
0 0.31065 0.82229 0.08483 0.09982
0 0.66954 0.97989 0.11295 0.03916
0 0.59004 0.26034 0.0562 0.09065
0 0.43453 0.82368 0.08814 0.11241
0 0.58293 0.75155 0.08936 0.17813
0 0.33889 0.37712 0.05747 0.08473
0 0.39342 0.25612 0.04473 0.10603
0 0.86302 0.76559 0.05905 0.09269
0 0.64446 0.3473 0.08804 0.05567
0 0.67361 0.70978 0.10582 0.057
0 0.79273 0.65551 0.05556 0.08948
0 0.37542 0.25631 0.08155 0.10609
0 0.58991 0.86459 0.1048 0.16717
0 0.25822 0.314 0.11213 0.08469
0 0.48997 0.73285 0.1016 0.15039
0 0.62979 0.33528 0.11789 0.07947
