0 0.31375 0.18583 0.19865 0.23099
0 0.28655 0.04707 0.17804 0.09395
0 0.69044 0.54356 0.16842 0.12101
0 0.45343 0.36278 0.16998 0.30083
0 0.92547 0.73221 0.09785 0.11293
0 0.50036 0.1163 0.13265 0.15886
0 0.84163 0.47957 0.06305 0.0867
0 0.38013 0.60618 0.10849 0.1385
0 0.59584 0.16322 0.08478 0.12287
0 0.25065 0.97449 0.21089 0.05079
0 0.87809 0.78518 0.08827 0.07907
0 0.78519 0.45827 0.06028 0.09482
0 0.60347 0.08599 0.09432 0.11239
0 0.60734 0.33246 0.08042 0.14924
0 0.40823 0.96863 0.13362 0.0621
0 0.33583 0.49967 0.13173 0.17612
0 0.27311 0.40643 0.19778 0.16006
0 0.62331 0.94989 0.09387 0.07323
0 0.56277 0.62454 0.07236 0.17202
0 0.68932 0.41367 0.06001 0.09883
0 0.34735 0.83396 0.10501 0.12017
0 0.66993 0.20181 0.06952 0.08032
0 0.24395 0.82883 0.09851 0.14067
0 0.86213 0.57101 0.05954 0.11083
0 0.29865 0.37735 0.14547 0.0998
0 0.50788 0.46034 0.05713 0.12236
0 0.94668 0.83789 0.05331 0.11027
0 0.62054 0.81865 0.14959 0.22216
0 0.36805 0.76823 0.11438 0.10275
0 0.66854 0.19705 0.07282 0.09148
0 0.68438 0.77661 0.07729 0.1271
0 0.27999 0.62066 0.07799 0.08257
0 0.85128 0.57347 0.08194 0.11667
0 0.58929 0.81027 0.08184 0.20717
0 0.8157 0.83768 0.05927 0.08555
0 0.84262 0.98234 0.06296 0.03425
0 0.7188 0.95353 0.07519 0.09123
0 0.55924 0.54541 0.13526 0.13497
0 0.82502 0.98254 0.09926 0.03434
0 0.51908 0.80064 0.08701 0.08723
0 0.24794 0.80434 0.10764 0.19028
0 0.41265 0.42613 0.08795 0.16974
0 0.81832 0.90527 0.06362 0.07184
0 0.73792 0.87071 0.08017 0.11977
0 0.41421 0.0409 0.07875 0.08192
0 0.65136 0.22532 0.10612 0.14699
0 0.46526 0.83783 0.10064 0.13474
0 0.23786 0.43487 0.13667 0.10626
