0 0.453125 0.317708 0.112500 0.177083
0 0.648438 0.863542 0.128125 0.110417
0 0.127344 0.813542 0.151562 0.147917
0 0.442188 0.538542 0.228125 0.135417
0 0.169531 0.942708 0.164062 0.110417
0 0.319531 0.954167 0.107813 0.087500
0 0.706250 0.705208 0.090625 0.127083
0 0.427344 0.904167 0.107813 0.183333
0 0.537500 0.042708 0.081250 0.081250
0 0.718750 0.458333 0.090625 0.120833
0 0.731250 0.284375 0.075000 0.097917
0 0.221875 0.108333 0.153125 0.108333
0 0.153906 0.401042 0.189062 0.327083
0 0.435156 0.133333 0.114062 0.129167
0 0.590625 0.621875 0.131250 0.122917
0 0.253906 0.805208 0.120313 0.139583
0 0.546094 0.158333 0.067187 0.104167
0 0.791406 0.512500 0.073438 0.137500
0 0.527344 0.829167 0.101562 0.104167
0 0.804688 0.668750 0.071875 0.141667
0 0.288281 0.590625 0.092188 0.114583
0 0.169531 0.618750 0.060937 0.154167
0 0.179688 0.219792 0.146875 0.177083
0 0.322656 0.119792 0.073438 0.156250
0 0.644531 0.519792 0.079687 0.056250
0 0.565625 0.250000 0.084375 0.066667
0 0.367969 0.748958 0.139063 0.060417
0 0.564063 0.326042 0.046875 0.093750
0 0.770312 0.803125 0.090625 0.156250
0 0.797656 0.819792 0.145313 0.189583
0 0.560937 0.898958 0.090625 0.093750
0 0.679688 0.194792 0.046875 0.060417
0 0.660937 0.431250 0.050000 0.083333
0 0.539062 0.979167 0.068750 0.037500
0 0.564844 0.295833 0.089063 0.154167
0 0.042969 0.946875 0.082812 0.102083
0 0.955469 0.955208 0.045312 0.085417
0 0.734375 0.576042 0.059375 0.127083
0 0.867188 0.930208 0.056250 0.097917
0 0.440625 0.040625 0.112500 0.077083
0 0.321094 0.534375 0.076563 0.077083
0 0.084375 0.493750 0.062500 0.079167
0 0.395313 0.645833 0.096875 0.116667
0 0.678125 0.341667 0.040625 0.075000
0 0.050000 0.964583 0.065625 0.066667
0 0.482812 0.688542 0.093750 0.093750
0 0.255469 0.323958 0.089063 0.114583
0 0.485938 0.923958 0.071875 0.143750
0 0.630469 0.158333 0.107813 0.091667
0 0.615625 0.138542 0.137500 0.131250
0 0.832812 0.859375 0.078125 0.110417
0 0.527344 0.545833 0.070312 0.095833
0 0.138281 0.451042 0.154688 0.189583
0 0.793750 0.930208 0.106250 0.110417
0 0.771875 0.512500 0.112500 0.137500
0 0.342969 0.044792 0.120313 0.085417
0 0.246094 0.284375 0.120313 0.193750
0 0.310937 0.531250 0.096875 0.087500
0 0.282031 0.297917 0.189062 0.220833
0 0.171094 0.384375 0.154688 0.289583
