0 0.187500 0.858333 0.153125 0.133333
0 0.408594 0.130208 0.139063 0.256250
0 0.199219 0.691667 0.123438 0.066667
0 0.485938 0.896875 0.137500 0.135417
0 0.765625 0.496875 0.115625 0.097917
0 0.382031 0.567708 0.126562 0.127083
0 0.724219 0.298958 0.051562 0.077083
0 0.801562 0.944792 0.040625 0.106250
0 0.695312 0.683333 0.078125 0.083333
0 0.535937 0.154167 0.068750 0.125000
0 0.354687 0.336458 0.103125 0.122917
0 0.588281 0.062500 0.057813 0.075000
0 0.530469 0.036458 0.073438 0.068750
0 0.661719 0.885417 0.145313 0.133333
0 0.539844 0.594792 0.123438 0.106250
0 0.681250 0.281250 0.043750 0.075000
0 0.325781 0.870833 0.120313 0.129167
0 0.260937 0.395833 0.081250 0.075000
0 0.732812 0.367708 0.062500 0.093750
0 0.678125 0.771875 0.090625 0.110417
0 0.282031 0.155208 0.117188 0.089583
0 0.329688 0.740625 0.196875 0.235417
0 0.635156 0.579167 0.057813 0.100000
0 0.600000 0.318750 0.137500 0.079167
0 0.810937 0.611458 0.037500 0.081250
0 0.517188 0.497917 0.059375 0.100000
0 0.314844 0.247917 0.104688 0.154167
0 0.587500 0.703125 0.125000 0.172917
0 0.476562 0.973958 0.125000 0.047917
0 0.454688 0.210417 0.043750 0.100000
0 0.340625 0.489583 0.112500 0.116667
0 0.363281 0.531250 0.164062 0.200000
0 0.375781 0.177083 0.073438 0.154167
0 0.494531 0.331250 0.051562 0.125000
0 0.742969 0.521875 0.073438 0.047917
0 0.362500 0.792708 0.137500 0.131250
0 0.693750 0.771875 0.121875 0.114583
0 0.837500 0.531250 0.043750 0.083333
0 0.421875 0.727083 0.115625 0.141667
0 0.660156 0.454167 0.060937 0.070833
0 0.308594 0.701042 0.154688 0.156250
0 0.785937 0.492708 0.075000 0.085417
0 0.660937 0.389583 0.078125 0.079167
0 0.594531 0.207292 0.064062 0.122917
0 0.611719 0.718750 0.079687 0.141667
0 0.285938 0.032292 0.137500 0.060417
0 0.701562 0.611458 0.053125 0.064583
0 0.568750 0.685417 0.087500 0.141667
0 0.240625 0.253125 0.121875 0.110417
