0 0.23534 0.24091 0.1385 0.13208
0 0.92563 0.37427 0.0803 0.1098
0 0.49865 0.80625 0.16697 0.2176
0 0.63091 0.72342 0.12986 0.22648
0 0.84176 0.30549 0.05822 0.17498
0 0.84679 0.47108 0.08016 0.10135
0 0.7722 0.87356 0.13676 0.10094
0 0.35372 0.44096 0.13783 0.14893
0 0.76951 0.78221 0.12397 0.10507
0 0.63011 0.06915 0.13234 0.13832
0 0.66911 0.42444 0.12257 0.1167
0 0.37665 0.84596 0.10005 0.16945
0 0.43781 0.51872 0.12811 0.15055
0 0.4512 0.07441 0.12948 0.14901
0 0.37146 0.23429 0.11228 0.1241
0 0.48238 0.67535 0.11619 0.09506
0 0.21247 0.06389 0.12199 0.07188
0 0.75199 0.02702 0.08219 0.05395
0 0.72741 0.10692 0.09839 0.12724
0 0.53206 0.41172 0.16032 0.21598
0 0.39591 0.14325 0.14357 0.14313
0 0.52618 0.24575 0.13972 0.14134
0 0.28149 0.63905 0.12329 0.11621
0 0.34112 0.69106 0.09048 0.11521
0 0.32698 0.06727 0.14895 0.13415
0 0.70862 0.22396 0.1495 0.13253
0 0.59824 0.96248 0.10888 0.07402
0 0.3174 0.53498 0.107 0.07536
0 0.69365 0.61421 0.1554 0.19111
0 0.76797 0.6364 0.09429 0.16269
0 0.59935 0.51134 0.10352 0.09587
0 0.19163 0.07063 0.08092 0.0586
0 0.7102 0.77313 0.08503 0.1264
0 0.33357 0.80972 0.0929 0.1568
0 0.75128 0.63911 0.12772 0.16795
0 0.58201 0.88246 0.06789 0.10124
0 0.35671 0.93813 0.13668 0.05453
0 0.52199 0.61806 0.12701 0.07421
0 0.37042 0.17456 0.0978 0.08451
0 0.751 0.77731 0.16135 0.11741
0 0.68852 0.2242 0.18967 0.13871
0 0.46455 0.97221 0.0903 0.05504
0 0.26882 0.63862 0.09794 0.11334
