0 0.15884 0.08135 0.16569 0.16256
0 0.53706 0.91652 0.17723 0.16528
0 0.29186 0.43894 0.15907 0.22533
0 0.43161 0.40993 0.13203 0.21297
0 0.6603 0.91001 0.10931 0.17762
0 0.7624 0.52838 0.07927 0.13851
0 0.56669 0.04013 0.10419 0.08011
0 0.21343 0.95857 0.1081 0.08154
0 0.48146 0.278 0.1338 0.14554
0 0.42893 0.08506 0.17048 0.1699
0 0.65239 0.23264 0.08556 0.11404
0 0.69553 0.61642 0.07587 0.11642
0 0.88706 0.12593 0.08262 0.0595
0 0.15878 0.79494 0.0929 0.11938
0 0.34789 0.25384 0.10863 0.1574
0 0.2619 0.79848 0.11564 0.21386
0 0.44723 0.72431 0.09978 0.22546
0 0.31612 0.7904 0.11923 0.23161
0 0.52608 0.14695 0.06459 0.12011
0 0.56936 0.14307 0.05309 0.13766
0 0.75702 0.64588 0.05619 0.07448
0 0.57433 0.61695 0.12195 0.07917
0 0.15791 0.5221 0.10654 0.14414
0 0.81438 0.51058 0.03869 0.0663
0 0.25141 0.28947 0.14749 0.11572
0 0.40349 0.97702 0.12917 0.04511
0 0.27568 0.63646 0.13683 0.10482
0 0.15726 0.47333 0.10885 0.2411
0 0.45869 0.08493 0.10982 0.16948
0 0.72098 0.10038 0.06558 0.11047
0 0.61714 0.38532 0.07013 0.1494
0 0.80106 0.23027 0.07992 0.05
0 0.62582 0.46149 0.07628 0.10431
0 0.89098 0.31301 0.04221 0.06655
0 0.7775 0.58728 0.06584 0.06742
0 0.07798 0.20321 0.15422 0.14088
0 0.18664 0.69245 0.11523 0.12571
0 0.59554 0.33287 0.06602 0.08023
0 0.5346 0.25642 0.08044 0.11791
0 0.23286 0.04552 0.07622 0.05299
0 0.26838 0.29268 0.11318 0.10816
0 0.71805 0.55876 0.04436 0.05981
0 0.78154 0.36673 0.06461 0.09282
0 0.60496 0.77283 0.09368 0.12236
0 0.35999 0.93581 0.05234 0.08275
0 0.15993 0.4068 0.07058 0.10949
0 0.46747 0.72716 0.05924 0.21886
0 0.39597 0.06237 0.10418 0.12409
0 0.49878 0.48995 0.07524 0.09696
0 0.72712 0.02899 0.05705 0.05745
0 0.39324 0.8624 0.11573 0.08337
0 0.5075 0.59544 0.08353 0.09347
0 0.57497 0.59982 0.12382 0.11556
