0 0.817969 0.898958 0.089063 0.122917
0 0.425781 0.506250 0.235937 0.133333
0 0.419531 0.759375 0.192188 0.260417
0 0.632031 0.581250 0.154688 0.150000
0 0.172656 0.611458 0.123438 0.102083
0 0.291406 0.201042 0.129688 0.177083
0 0.675781 0.378125 0.085938 0.093750
0 0.617188 0.280208 0.068750 0.114583
0 0.278906 0.853125 0.160938 0.164583
0 0.500000 0.308333 0.090625 0.079167
0 0.898438 0.778125 0.093750 0.131250
0 0.497656 0.207292 0.060937 0.110417
0 0.860938 0.227083 0.050000 0.091667
0 0.616406 0.958333 0.182812 0.079167
0 0.808594 0.191667 0.076563 0.095833
0 0.720313 0.021875 0.075000 0.039583
0 0.252344 0.400000 0.132812 0.187500
0 0.776563 0.192708 0.140625 0.097917
0 0.218750 0.769792 0.140625 0.160417
0 0.660937 0.478125 0.096875 0.118750
0 0.541406 0.121875 0.114062 0.085417
0 0.852344 0.353125 0.035937 0.081250
0 0.785937 0.681250 0.046875 0.204167
0 0.590625 0.779167 0.121875 0.150000
0 0.775000 0.542708 0.059375 0.039583
0 0.728906 0.923958 0.067187 0.077083
0 0.756250 0.055208 0.050000 0.097917
0 0.421875 0.593750 0.137500 0.104167
0 0.217969 0.037500 0.082812 0.070833
0 0.296094 0.046875 0.089063 0.089583
0 0.267969 0.557292 0.092188 0.131250
0 0.216406 0.925000 0.095312 0.075000
0 0.493750 0.893750 0.128125 0.133333
0 0.746875 0.958333 0.050000 0.058333
0 0.591406 0.419792 0.114062 0.147917
0 0.746875 0.218750 0.084375 0.041667
0 0.764062 0.135417 0.040625 0.087500
0 0.786719 0.736458 0.048438 0.093750
0 0.245312 0.144792 0.059375 0.097917
0 0.775781 0.861458 0.057813 0.064583
0 0.538281 0.377083 0.110937 0.162500
0 0.168750 0.987500 0.056250 0.020833
0 0.485938 0.058333 0.112500 0.091667
0 0.597656 0.043750 0.076563 0.075000
0 0.657031 0.958333 0.104688 0.079167
0 0.421875 0.076042 0.084375 0.072917
0 0.346094 0.386458 0.107813 0.127083
0 0.360938 0.346875 0.078125 0.139583
0 0.604688 0.016667 0.078125 0.029167
0 0.342969 0.903125 0.117188 0.110417
0 0.574219 0.686458 0.079687 0.127083
0 0.232813 0.375000 0.131250 0.145833
