0 0.90802 0.82229 0.13349 0.09328
0 0.58063 0.54874 0.1452 0.19565
0 0.43437 0.19951 0.09569 0.1319
0 0.85026 0.92498 0.12619 0.14788
0 0.20704 0.38084 0.12442 0.10705
0 0.51895 0.35547 0.08089 0.10998
0 0.55289 0.06718 0.04563 0.09545
0 0.20408 0.21825 0.13104 0.18612
0 0.29979 0.30679 0.17469 0.22955
0 0.27328 0.88871 0.12925 0.15
0 0.56892 0.22351 0.06021 0.10296
0 0.69217 0.55887 0.10463 0.1859
0 0.51111 0.7226 0.14552 0.18794
0 0.33207 0.97549 0.11588 0.04831
0 0.48173 0.05237 0.04588 0.10412
0 0.6858 0.26642 0.06527 0.05863
0 0.32266 0.10333 0.08416 0.14173
0 0.41127 0.30859 0.07779 0.08328
0 0.58115 0.85971 0.09116 0.10364
0 0.61083 0.36823 0.04419 0.08995
0 0.38182 0.69911 0.0876 0.10755
0 0.42996 0.29383 0.1137 0.11148
0 0.40628 0.46491 0.06781 0.1354
0 0.96231 0.97543 0.0753 0.04769
0 0.45286 0.27648 0.06833 0.0764
0 0.65971 0.46296 0.04465 0.08945
0 0.57023 0.1519 0.07267 0.08942
0 0.37903 0.84202 0.0793 0.07109
0 0.26413 0.44087 0.06283 0.10252
0 0.42095 0.07041 0.09798 0.11971
0 0.60917 0.239 0.03561 0.03337
0 0.68329 0.7107 0.07634 0.11365
0 0.30735 0.7326 0.06013 0.1274
0 0.54347 0.93771 0.19992 0.08735
0 0.48598 0.78078 0.08767 0.07134
0 0.77384 0.70068 0.06836 0.13777
0 0.27489 0.8542 0.12521 0.07954
0 0.60155 0.93521 0.08861 0.06501
0 0.3787 0.66737 0.09449 0.17214
0 0.51197 0.93677 0.13558 0.08421
0 0.94458 0.97357 0.11075 0.05175
0 0.8546 0.59595 0.11235 0.18167
0 0.61545 0.67759 0.06181 0.15789
0 0.25859 0.92422 0.10002 0.08031
0 0.60098 0.26396 0.05579 0.07849
0 0.20074 0.20606 0.12314 0.15368
0 0.48621 0.72301 0.0955 0.18523
0 0.27767 0.87003 0.13893 0.18724
