0 0.34404 0.93789 0.1139 0.1228
0 0.62325 0.69959 0.13501 0.17694
0 0.48428 0.35692 0.09173 0.12744
0 0.36348 0.49772 0.15874 0.22128
0 0.27211 0.37306 0.12859 0.19353
0 0.52801 0.23024 0.04383 0.10906
0 0.70753 0.8232 0.0928 0.11888
0 0.27792 0.53222 0.11599 0.08477
0 0.60901 0.3703 0.05657 0.09323
0 0.43579 0.7797 0.08323 0.10984
0 0.44249 0.06415 0.08281 0.12762
0 0.71801 0.38597 0.06174 0.04947
0 0.37679 0.29903 0.09754 0.15978
0 0.64158 0.23722 0.06586 0.03587
0 0.5932 0.20478 0.04278 0.08922
0 0.61461 0.97103 0.07777 0.05638
0 0.56611 0.53564 0.07647 0.09585
0 0.46375 0.6287 0.06022 0.12569
0 0.91705 0.9372 0.12911 0.10339
0 0.64686 0.49517 0.04165 0.08325
0 0.90289 0.93764 0.15789 0.1075
0 0.48381 0.46146 0.10321 0.12153
0 0.87427 0.74924 0.10373 0.13799
0 0.6045 0.27182 0.0731 0.06004
0 0.5687 0.84192 0.15375 0.17944
0 0.53862 0.8966 0.07889 0.06984
0 0.55989 0.14936 0.05082 0.08186
0 0.26314 0.32773 0.1078 0.10257
0 0.63509 0.4022 0.06397 0.06683
0 0.72648 0.69958 0.0945 0.16865
0 0.53557 0.84341 0.0877 0.1751
0 0.46656 0.48897 0.06993 0.06848
0 0.30679 0.27214 0.06151 0.05286
0 0.73697 0.67357 0.06872 0.11712
0 0.55977 0.17342 0.05236 0.13002
0 0.52897 0.81986 0.07354 0.12812
0 0.50302 0.44124 0.0647 0.08039
0 0.46534 0.24515 0.06164 0.05615
0 0.39528 0.63529 0.08667 0.10445
0 0.6178 0.95259 0.09563 0.0935
0 0.43584 0.90548 0.07361 0.08196
0 0.37344 0.81224 0.04983 0.11578
0 0.69467 0.54814 0.04764 0.15765
0 0.26458 0.35559 0.11201 0.15789
