0 0.414844 0.077083 0.126562 0.150000
0 0.181250 0.110417 0.153125 0.150000
0 0.846094 0.908333 0.073438 0.104167
0 0.335938 0.410417 0.150000 0.150000
0 0.786719 0.852083 0.054688 0.162500
0 0.425000 0.489583 0.131250 0.125000
0 0.728125 0.398958 0.096875 0.097917
0 0.345313 0.237500 0.090625 0.125000
0 0.347656 0.963542 0.117188 0.068750
0 0.157812 0.784375 0.165625 0.147917
0 0.333594 0.627083 0.157812 0.166667
0 0.512500 0.929167 0.131250 0.137500
0 0.781250 0.976042 0.075000 0.043750
0 0.642188 0.175000 0.046875 0.083333
0 0.458594 0.104167 0.054688 0.112500
0 0.357031 0.794792 0.167187 0.131250
0 0.682031 0.581250 0.076563 0.079167
0 0.432812 0.726042 0.143750 0.122917
0 0.672656 0.777083 0.117188 0.125000
0 0.193750 0.461458 0.090625 0.122917
0 0.665625 0.665625 0.081250 0.106250
0 0.698438 0.266667 0.046875 0.087500
0 0.516406 0.240625 0.064062 0.135417
0 0.142969 0.613542 0.095312 0.064583
0 0.269531 0.947917 0.085938 0.091667
0 0.317969 0.112500 0.089063 0.125000
0 0.256250 0.045833 0.140625 0.087500
0 0.209375 0.288542 0.087500 0.085417
0 0.685156 0.196875 0.051562 0.077083
0 0.573438 0.123958 0.050000 0.081250
0 0.665625 0.961458 0.096875 0.072917
0 0.792188 0.428125 0.043750 0.081250
0 0.746875 0.502083 0.040625 0.075000
0 0.460938 0.629167 0.118750 0.170833
0 0.629687 0.291667 0.068750 0.075000
0 0.285938 0.198958 0.059375 0.102083
0 0.574219 0.595833 0.082812 0.141667
0 0.542969 0.503125 0.067187 0.106250
0 0.606250 0.629167 0.062500 0.125000
0 0.606250 0.341667 0.059375 0.091667
0 0.685156 0.931250 0.054688 0.058333
0 0.652344 0.961458 0.123438 0.072917
0 0.221094 0.633333 0.142187 0.112500
0 0.316406 0.100000 0.089063 0.100000
0 0.563281 0.119792 0.070312 0.089583
0 0.367188 0.794792 0.131250 0.122917
0 0.671094 0.578125 0.098437 0.089583
