0 0.93318 0.05717 0.1323 0.11419
0 0.55448 0.15382 0.17412 0.2893
0 0.20635 0.09028 0.17974 0.14532
0 0.4084 0.81587 0.13752 0.17432
0 0.39776 0.16557 0.13237 0.18503
0 0.27645 0.23536 0.11978 0.15077
0 0.48584 0.61114 0.07638 0.1732
0 0.51748 0.83942 0.07839 0.1115
0 0.2929 0.65738 0.11164 0.11342
0 0.41581 0.42565 0.11006 0.14566
0 0.38866 0.56686 0.13038 0.18187
0 0.36651 0.69642 0.09746 0.11644
0 0.62805 0.36332 0.1125 0.15635
0 0.53685 0.52993 0.07082 0.12998
0 0.67482 0.55608 0.10849 0.09084
0 0.74171 0.24169 0.10313 0.35892
0 0.70355 0.6198 0.09878 0.06533
0 0.69178 0.86835 0.08493 0.10119
0 0.48355 0.71754 0.09242 0.08943
0 0.75349 0.71187 0.05763 0.07733
0 0.72392 0.75304 0.05677 0.06177
0 0.69499 0.44229 0.10681 0.0975
0 0.67393 0.23621 0.08562 0.18131
0 0.32426 0.49236 0.10296 0.15924
0 0.64894 0.05989 0.08473 0.11945
0 0.57658 0.7288 0.04504 0.07745
0 0.63372 0.66295 0.04456 0.06423
0 0.80794 0.08017 0.09576 0.14094
0 0.6778 0.88115 0.05627 0.0743
0 0.653 0.55672 0.06554 0.08878
0 0.44328 0.64954 0.06633 0.08453
0 0.71056 0.85555 0.04718 0.0747
0 0.65958 0.38916 0.17582 0.20275
0 0.27509 0.21573 0.11625 0.11056
