0 0.832031 0.115625 0.164062 0.227083
0 0.249219 0.656250 0.164062 0.129167
0 0.326562 0.272917 0.115625 0.162500
0 0.557813 0.229167 0.146875 0.170833
0 0.289844 0.095833 0.151562 0.187500
0 0.502344 0.731250 0.104688 0.175000
0 0.703125 0.975000 0.068750 0.045833
0 0.646875 0.138542 0.081250 0.114583
0 0.368750 0.061458 0.121875 0.118750
0 0.687500 0.509375 0.081250 0.093750
0 0.424219 0.195833 0.123438 0.137500
0 0.442969 0.091667 0.104688 0.095833
0 0.728125 0.760417 0.062500 0.066667
0 0.689063 0.613542 0.081250 0.135417
0 0.196094 0.267708 0.117188 0.156250
0 0.647656 0.665625 0.042188 0.122917
0 0.643750 0.033333 0.075000 0.062500
0 0.807031 0.033333 0.079687 0.062500
0 0.150000 0.175000 0.128125 0.104167
0 0.717969 0.814583 0.054688 0.058333
0 0.352344 0.585417 0.095312 0.070833
0 0.546094 0.453125 0.095312 0.110417
0 0.644531 0.419792 0.051562 0.072917
0 0.638281 0.747917 0.064062 0.100000
0 0.490625 0.052083 0.090625 0.100000
0 0.539062 0.855208 0.087500 0.072917
0 0.452344 0.277083 0.120313 0.104167
0 0.599219 0.475000 0.042188 0.116667
0 0.385937 0.525000 0.087500 0.083333
0 0.742969 0.056250 0.079687 0.083333
0 0.332031 0.452083 0.064062 0.108333
0 0.547656 0.053125 0.064062 0.093750
0 0.535156 0.342708 0.107813 0.131250
0 0.160156 0.115625 0.114062 0.047917
0 0.258594 0.536458 0.085938 0.131250
0 0.199219 0.017708 0.073438 0.031250
0 0.607812 0.916667 0.043750 0.091667
0 0.656250 0.335417 0.062500 0.083333
0 0.217969 0.477083 0.104688 0.075000
0 0.164062 0.440625 0.106250 0.043750
0 0.439844 0.669792 0.067187 0.135417
0 0.338281 0.766667 0.082812 0.079167
0 0.639844 0.333333 0.095312 0.087500
0 0.689063 0.594792 0.081250 0.093750
0 0.244531 0.329167 0.142187 0.170833
