0 0.218750 0.190625 0.231250 0.264583
0 0.644531 0.102083 0.114062 0.191667
0 0.688281 0.262500 0.132812 0.183333
0 0.551562 0.244792 0.146875 0.164583
0 0.377344 0.444792 0.082812 0.239583
0 0.514844 0.832292 0.098437 0.127083
0 0.503906 0.088542 0.120313 0.164583
0 0.304688 0.536458 0.078125 0.127083
0 0.781250 0.308333 0.075000 0.095833
0 0.344531 0.312500 0.126562 0.154167
0 0.310156 0.681250 0.110937 0.141667
0 0.171094 0.062500 0.104688 0.120833
0 0.270313 0.047917 0.112500 0.091667
0 0.421094 0.209375 0.148438 0.172917
0 0.611719 0.572917 0.114062 0.195833
0 0.432031 0.825000 0.070312 0.062500
0 0.609375 0.690625 0.065625 0.131250
0 0.711719 0.397917 0.057813 0.079167
0 0.492969 0.476042 0.079687 0.068750
0 0.671875 0.519792 0.081250 0.085417
0 0.427344 0.763542 0.067187 0.072917
0 0.240625 0.388542 0.103125 0.156250
0 0.580469 0.054167 0.101562 0.104167
0 0.357031 0.786458 0.092188 0.152083
0 0.684375 0.033333 0.109375 0.062500
0 0.404687 0.077083 0.131250 0.150000
0 0.396094 0.706250 0.076563 0.095833
0 0.525781 0.346875 0.098437 0.110417
0 0.559375 0.054167 0.059375 0.104167
0 0.510156 0.485417 0.117188 0.087500
0 0.534375 0.243750 0.184375 0.166667
