0 0.30315 0.37302 0.14433 0.19577
0 0.49748 0.76954 0.1128 0.09783
0 0.23253 0.77678 0.11616 0.10695
0 0.36409 0.72769 0.15088 0.12634
0 0.31582 0.94017 0.09213 0.11775
0 0.22458 0.3593 0.11778 0.14116
0 0.46279 0.9234 0.16245 0.15139
0 0.65159 0.85455 0.13216 0.08337
0 0.7725 0.97785 0.09618 0.04288
0 0.5768 0.62312 0.10254 0.18803
0 0.55436 0.1493 0.06696 0.07009
0 0.70404 0.71151 0.05728 0.06749
0 0.56615 0.3665 0.06856 0.1037
0 0.62963 0.6254 0.07972 0.0611
0 0.68208 0.58382 0.02957 0.08678
0 0.60376 0.45034 0.06726 0.08305
0 0.30748 0.19429 0.08258 0.15042
0 0.45004 0.05196 0.07145 0.10294
0 0.63186 0.55196 0.06431 0.09567
0 0.27112 0.53086 0.16935 0.1794
0 0.48816 0.64986 0.09263 0.10961
0 0.41593 0.42327 0.10325 0.11149
0 0.47951 0.34412 0.11591 0.1202
0 0.2385 0.5142 0.10567 0.14688
0 0.3388 0.07719 0.05622 0.09335
0 0.27435 0.54764 0.16495 0.13391
0 0.52771 0.97018 0.10513 0.05834
0 0.46249 0.13375 0.09224 0.12582
0 0.54735 0.45198 0.04649 0.06728
0 0.30653 0.83324 0.0751 0.09377
0 0.24275 0.63072 0.11313 0.08794
0 0.5547 0.2383 0.0591 0.03192
0 0.36712 0.16781 0.07609 0.13381
0 0.44919 0.381 0.16944 0.19292
0 0.65748 0.49436 0.0476 0.03595
0 0.29853 0.66945 0.08281 0.08751
0 0.47733 0.32649 0.1075 0.08222
0 0.23889 0.9522 0.06034 0.09401
0 0.47877 0.92344 0.197 0.15158
0 0.57554 0.60248 0.09622 0.14118
