0 0.24329 0.73876 0.14007 0.1676
0 0.22499 0.40859 0.11303 0.10502
0 0.49272 0.38646 0.11523 0.09718
0 0.80996 0.69956 0.14776 0.18707
0 0.35483 0.3523 0.1544 0.12811
0 0.69788 0.32432 0.05769 0.06662
0 0.46191 0.54169 0.15423 0.15101
0 0.57155 0.81159 0.12099 0.22988
0 0.3206 0.55879 0.08759 0.10561
0 0.56655 0.23713 0.10199 0.19629
0 0.39071 0.8906 0.07594 0.11614
0 0.67812 0.19226 0.02914 0.09283
0 0.62341 0.23476 0.08393 0.06677
0 0.52415 0.6165 0.0961 0.1331
0 0.47608 0.72631 0.10326 0.12945
0 0.40822 0.62706 0.06248 0.09473
0 0.51561 0.91504 0.108 0.16651
0 0.23291 0.03941 0.22434 0.07898
0 0.20845 0.13269 0.10278 0.16351
0 0.72233 0.63802 0.17487 0.17466
0 0.62097 0.66394 0.10358 0.13783
0 0.37867 0.75216 0.06763 0.11068
0 0.53504 0.04269 0.04882 0.08067
0 0.24841 0.17535 0.16703 0.13946
0 0.4775 0.26802 0.09094 0.11591
0 0.21948 0.26144 0.11602 0.08509
0 0.6448 0.47029 0.12916 0.09289
0 0.44532 0.95336 0.0736 0.09189
0 0.26235 0.6397 0.06629 0.05739
0 0.59772 0.04255 0.07502 0.08456
0 0.60018 0.95691 0.1107 0.08457
0 0.33828 0.8335 0.06224 0.0838
0 0.28233 0.29857 0.08571 0.08563
0 0.2666 0.03934 0.15637 0.07864
0 0.15577 0.02111 0.07086 0.04233
0 0.63114 0.15425 0.06133 0.1042
0 0.76505 0.6025 0.09083 0.10257
0 0.53664 0.12173 0.20653 0.1264
0 0.39107 0.04055 0.11549 0.08122
0 0.37216 0.4739 0.06559 0.07639
0 0.33135 0.65302 0.07466 0.06944
0 0.4475 0.80642 0.12974 0.12902
0 0.30529 0.46344 0.0691 0.08841
0 0.42394 0.79595 0.08222 0.10807
0 0.24482 0.57844 0.06143 0.11455
