0 0.837500 0.088542 0.159375 0.072917
0 0.767969 0.357292 0.129688 0.156250
0 0.645312 0.367708 0.140625 0.168750
0 0.328906 0.439583 0.151562 0.187500
0 0.610156 0.251042 0.129688 0.160417
0 0.252344 0.260417 0.107813 0.125000
0 0.764062 0.670833 0.115625 0.179167
0 0.617969 0.961458 0.092188 0.072917
0 0.875781 0.463542 0.079687 0.093750
0 0.554688 0.371875 0.115625 0.156250
0 0.303125 0.040625 0.065625 0.077083
0 0.569531 0.048958 0.217188 0.093750
0 0.505469 0.233333 0.129688 0.200000
0 0.348438 0.252083 0.075000 0.075000
0 0.227344 0.030208 0.073438 0.056250
0 0.203906 0.138542 0.142187 0.052083
0 0.527344 0.972917 0.067187 0.050000
0 0.798438 0.554167 0.065625 0.083333
0 0.707031 0.238542 0.098437 0.160417
0 0.403125 0.341667 0.100000 0.158333
0 0.444531 0.678125 0.145313 0.152083
0 0.685937 0.620833 0.062500 0.075000
0 0.627344 0.597917 0.079687 0.070833
0 0.462500 0.931250 0.065625 0.133333
0 0.528125 0.913542 0.068750 0.077083
0 0.382812 0.167708 0.084375 0.114583
0 0.482812 0.491667 0.106250 0.116667
0 0.321875 0.152083 0.087500 0.045833
0 0.613281 0.735417 0.132812 0.137500
0 0.607031 0.478125 0.073438 0.114583
0 0.756250 0.502083 0.071875 0.083333
0 0.671875 0.510417 0.071875 0.112500
0 0.732812 0.807292 0.090625 0.164583
0 0.509375 0.200000 0.121875 0.133333
