0 0.82706 0.81972 0.16571 0.18214
0 0.22498 0.80805 0.14604 0.13394
0 0.55859 0.85258 0.16354 0.24368
0 0.36271 0.39157 0.16033 0.15276
0 0.45178 0.76233 0.10519 0.12254
0 0.32501 0.05868 0.14224 0.11714
0 0.2529 0.46783 0.10035 0.06589
0 0.60343 0.68068 0.10706 0.15114
0 0.39257 0.65813 0.0695 0.09218
0 0.32562 0.63003 0.08699 0.07742
0 0.73385 0.6873 0.16351 0.1292
0 0.30824 0.22781 0.12682 0.08202
0 0.26879 0.09236 0.09719 0.13638
0 0.45905 0.59368 0.1561 0.14324
0 0.71251 0.4544 0.05066 0.06694
0 0.51322 0.64533 0.09508 0.1348
0 0.57008 0.27571 0.09649 0.2022
0 0.2697 0.32588 0.10163 0.06626
0 0.69358 0.7025 0.08553 0.09905
0 0.62134 0.25064 0.07945 0.13051
0 0.69468 0.3455 0.03086 0.0778
0 0.76566 0.67115 0.10069 0.09608
0 0.57055 0.05223 0.05102 0.0923
0 0.41432 0.18186 0.08573 0.09335
0 0.49466 0.18294 0.08766 0.10339
0 0.26848 0.89131 0.09484 0.08833
0 0.32689 0.75774 0.06774 0.04691
0 0.49589 0.94247 0.10893 0.11499
0 0.68325 0.80546 0.09269 0.05504
0 0.67545 0.92408 0.04378 0.1459
0 0.31788 0.98092 0.0723 0.03768
0 0.52273 0.10624 0.09897 0.12679
0 0.6302 0.59004 0.05555 0.06486
0 0.60129 0.15975 0.0825 0.11463
0 0.35986 0.87964 0.07528 0.10998
0 0.40985 0.9372 0.10084 0.12468
0 0.66481 0.38485 0.04247 0.06883
0 0.40299 0.51224 0.10483 0.10654
0 0.7355 0.89587 0.07185 0.13224
