0 0.57878 0.35141 0.14082 0.17093
0 0.8473 0.93878 0.16749 0.12127
0 0.64311 0.83563 0.14512 0.141
0 0.27599 0.16274 0.11041 0.12012
0 0.18477 0.71128 0.12026 0.10445
0 0.48782 0.64819 0.09375 0.07975
0 0.36311 0.64823 0.17064 0.09383
0 0.31581 0.36738 0.10182 0.13185
0 0.44551 0.41031 0.1126 0.15207
0 0.89696 0.67381 0.08443 0.04357
0 0.24619 0.77365 0.10309 0.15354
0 0.43691 0.87771 0.16558 0.15192
0 0.18055 0.55788 0.15108 0.14234
0 0.49315 0.4855 0.07437 0.11475
0 0.58695 0.62301 0.11222 0.16634
0 0.38126 0.0741 0.07161 0.10724
0 0.19916 0.85387 0.09268 0.12368
0 0.81229 0.61996 0.17382 0.11304
0 0.62604 0.45684 0.08088 0.1328
0 0.23667 0.29371 0.04669 0.12181
0 0.60603 0.60053 0.07348 0.12066
0 0.37209 0.2665 0.09749 0.12977
0 0.7996 0.57893 0.08237 0.08981
0 0.2353 0.96453 0.11086 0.07
0 0.7265 0.70708 0.07461 0.05988
0 0.20573 0.4157 0.10232 0.13297
0 0.44659 0.14164 0.08927 0.14589
0 0.33893 0.96562 0.04921 0.06747
0 0.69311 0.5242 0.097 0.12654
0 0.739 0.76853 0.06558 0.08391
0 0.5546 0.64244 0.05042 0.12929
0 0.36815 0.71392 0.0831 0.09529
0 0.68837 0.64149 0.10599 0.07029
0 0.51991 0.20931 0.06715 0.09472
0 0.81073 0.82789 0.05634 0.11933
0 0.19906 0.65116 0.07516 0.05037
0 0.24339 0.89744 0.0846 0.06655
0 0.5736 0.53455 0.07196 0.07828
0 0.77282 0.63365 0.0971 0.07078
0 0.55099 0.44682 0.07238 0.13529
0 0.21408 0.96435 0.15679 0.07044
0 0.47917 0.90312 0.09347 0.09629
0 0.32789 0.52844 0.08152 0.09574
0 0.49996 0.61551 0.08904 0.08767
0 0.37159 0.25188 0.09396 0.09846
0 0.20589 0.39602 0.10337 0.11475
