0 0.55915 0.16213 0.18788 0.23024
0 0.21148 0.11759 0.2015 0.14133
0 0.87959 0.51351 0.18623 0.13863
0 0.74729 0.6722 0.09963 0.10998
0 0.1917 0.33732 0.14919 0.15859
0 0.68778 0.81203 0.11353 0.08616
0 0.26702 0.82828 0.15013 0.1816
0 0.87918 0.5323 0.18828 0.17663
0 0.72933 0.15961 0.1681 0.12041
0 0.90398 0.59566 0.1113 0.05091
0 0.19652 0.5036 0.1394 0.09199
0 0.64931 0.26334 0.08571 0.11607
0 0.75722 0.34989 0.11263 0.10825
0 0.56075 0.50446 0.07323 0.10864
0 0.83842 0.72187 0.05205 0.12019
0 0.22457 0.11717 0.15879 0.13634
0 0.43251 0.49415 0.07925 0.09953
0 0.20904 0.95767 0.07876 0.08338
0 0.74062 0.24233 0.06397 0.11383
0 0.62738 0.33789 0.06698 0.14679
0 0.39164 0.19886 0.12067 0.12956
0 0.23066 0.48806 0.20778 0.12537
0 0.35827 0.88229 0.09246 0.13527
0 0.67223 0.46971 0.10295 0.05405
0 0.48112 0.63226 0.1081 0.09464
0 0.37184 0.32723 0.15397 0.21483
0 0.15379 0.12654 0.09147 0.06177
0 0.38051 0.60741 0.06357 0.09318
0 0.24987 0.06548 0.08228 0.13022
0 0.74094 0.57787 0.0917 0.09641
0 0.7028 0.94433 0.08665 0.0776
0 0.40794 0.33772 0.22473 0.23578
0 0.7448 0.79336 0.07401 0.09787
0 0.29522 0.47191 0.07743 0.0951
0 0.50849 0.54632 0.08377 0.06614
0 0.65209 0.72571 0.06892 0.08612
0 0.42362 0.87741 0.04483 0.09267
0 0.51956 0.9702 0.09365 0.05833
0 0.2921 0.34242 0.08078 0.09068
0 0.76089 0.7488 0.05455 0.06419
0 0.61183 0.60306 0.06648 0.09799
0 0.24339 0.71172 0.07527 0.10023
0 0.50021 0.83903 0.05199 0.10841
0 0.64675 0.55038 0.0784 0.09651
0 0.21682 0.33697 0.20039 0.16082
0 0.8298 0.87038 0.06415 0.08508
0 0.17587 0.84239 0.05846 0.10077
0 0.23172 0.28079 0.13651 0.07004
0 0.24766 0.82761 0.19433 0.18288
0 0.3266 0.58206 0.09288 0.09644
0 0.2352 0.13507 0.17868 0.17291
