0 0.47623 0.45964 0.14403 0.19668
0 0.53882 0.84287 0.1257 0.27503
0 0.75246 0.32832 0.18769 0.11878
0 0.36644 0.45857 0.0923 0.0723
0 0.78674 0.7283 0.13318 0.1339
0 0.6164 0.23732 0.07752 0.14569
0 0.78239 0.63269 0.10147 0.14957
0 0.62719 0.64455 0.12829 0.17123
0 0.52603 0.23296 0.11799 0.24386
0 0.59302 0.34883 0.12548 0.11148
0 0.28127 0.88583 0.18099 0.10135
0 0.72431 0.49885 0.17249 0.15689
0 0.76608 0.86301 0.07213 0.08116
0 0.67503 0.86779 0.13288 0.19491
0 0.69176 0.97953 0.10038 0.04007
0 0.36803 0.70262 0.1033 0.05647
