0 0.2764 0.27442 0.13547 0.14833
0 0.32363 0.07508 0.14178 0.15019
0 0.39953 0.64058 0.15905 0.17032
0 0.14298 0.54957 0.19512 0.12979
0 0.61468 0.95542 0.08478 0.08834
0 0.44114 0.36447 0.19333 0.09304
0 0.52112 0.48435 0.12688 0.12086
0 0.57403 0.81685 0.13227 0.11578
0 0.35679 0.91574 0.13015 0.16808
0 0.56163 0.70214 0.09938 0.13142
0 0.19608 0.27468 0.12002 0.23501
0 0.45204 0.04474 0.09794 0.08893
0 0.37411 0.54102 0.17476 0.15095
0 0.20674 0.15815 0.11781 0.1332
0 0.59422 0.45143 0.08514 0.04803
0 0.03412 0.92361 0.06795 0.05361
0 0.49619 0.23668 0.14341 0.13611
0 0.31393 0.08699 0.12152 0.12365
0 0.52077 0.45573 0.12822 0.1779
0 0.3621 0.75443 0.11153 0.10381
0 0.28246 0.16537 0.10433 0.10851
0 0.47246 0.78545 0.11954 0.12467
0 0.35525 0.04166 0.07707 0.08336
0 0.57939 0.69128 0.13621 0.16816
0 0.04865 0.93852 0.09696 0.08361
0 0.45025 0.12113 0.0923 0.09872
0 0.33224 0.61773 0.25769 0.30547
0 0.56704 0.68865 0.11061 0.16177
0 0.19226 0.39901 0.11013 0.13095
0 0.44084 0.35243 0.19345 0.11902
