0 0.79682 0.83361 0.2006 0.22456
0 0.41322 0.09772 0.12378 0.08634
0 0.62832 0.90419 0.1496 0.19041
0 0.62079 0.09011 0.17913 0.17988
0 0.38395 0.36183 0.10576 0.1499
0 0.38342 0.89388 0.24385 0.18955
0 0.78412 0.1298 0.11301 0.14593
0 0.89283 0.10144 0.11083 0.08387
0 0.87624 0.03094 0.08559 0.06175
0 0.67162 0.48451 0.14704 0.21543
0 0.36224 0.51523 0.13368 0.07717
0 0.81334 0.22353 0.13027 0.05936
0 0.75933 0.40973 0.15446 0.1522
0 0.35515 0.16532 0.11808 0.04277
0 0.64347 0.08943 0.13178 0.1787
0 0.87467 0.7495 0.08803 0.17474
0 0.77851 0.43243 0.11507 0.10713
0 0.42801 0.33136 0.08874 0.12039
