0 0.73938 0.7658 0.17215 0.23323
0 0.34071 0.79776 0.1901 0.16816
0 0.8599 0.04445 0.13185 0.08327
0 0.82665 0.32341 0.05462 0.20828
0 0.56835 0.8513 0.12834 0.21713
0 0.35586 0.04465 0.12902 0.08936
0 0.72489 0.058 0.11899 0.11574
0 0.57924 0.05564 0.09187 0.11094
0 0.62198 0.41847 0.15925 0.22034
0 0.31111 0.43489 0.11992 0.06652
0 0.31693 0.11142 0.1127 0.05343
0 0.6913 0.3338 0.15675 0.13898
0 0.78909 0.97287 0.08607 0.05359
0 0.46194 0.41648 0.11847 0.15739
0 0.50975 0.93168 0.11495 0.13613
0 0.6177 0.09954 0.0781 0.13338
0 0.3822 0.32388 0.08513 0.1458
0 0.36329 0.93659 0.16362 0.12619
0 0.73513 0.13408 0.12426 0.05896
0 0.34328 0.6261 0.10713 0.11014
0 0.44568 0.49024 0.0762 0.10657
0 0.85925 0.97364 0.04668 0.05186
0 0.73859 0.29488 0.09763 0.08884
0 0.42302 0.20892 0.13629 0.18061
0 0.56905 0.05754 0.11551 0.11461
0 0.46376 0.17423 0.08276 0.13308
0 0.50786 0.25992 0.12108 0.13376
0 0.82357 0.45657 0.09485 0.14551
