0 0.87036 0.19585 0.12492 0.29287
0 0.20964 0.8833 0.25268 0.19669
0 0.16691 0.69521 0.18327 0.08366
0 0.56094 0.39859 0.21279 0.27236
0 0.58624 0.23614 0.23355 0.18748
0 0.70945 0.83375 0.19372 0.32868
0 0.25489 0.41045 0.19521 0.13776
0 0.2259 0.10071 0.17344 0.16507
0 0.3617 0.13843 0.13533 0.2117
0 0.86584 0.39649 0.18038 0.19302
0 0.95446 0.84016 0.09003 0.17074
0 0.75878 0.20912 0.14056 0.16854
0 0.2092 0.01177 0.08779 0.02345
0 0.38967 0.29806 0.10485 0.11074
0 0.6712 0.62612 0.07944 0.10985
0 0.40052 0.65946 0.24037 0.19187
0 0.40139 0.83916 0.15279 0.16318
0 0.76571 0.67351 0.09984 0.12111
0 0.63148 0.14763 0.14397 0.05792
0 0.50465 0.89257 0.11118 0.21306
0 0.22334 0.39661 0.1331 0.09371
0 0.46163 0.19806 0.12698 0.19316
0 0.34279 0.13946 0.17302 0.21694
0 0.88783 0.61062 0.14781 0.21861
0 0.75908 0.22892 0.14283 0.20768
0 0.88108 0.6407 0.13476 0.15732
0 0.17396 0.44526 0.11412 0.06137
0 0.73446 0.83248 0.24661 0.33153
0 0.80781 0.48845 0.10757 0.14666
0 0.77473 0.49338 0.17477 0.16228
0 0.40104 0.38651 0.12611 0.09312
0 0.36524 0.91778 0.13789 0.16244
0 0.71286 0.0718 0.07788 0.14268
0 0.40086 0.64352 0.23637 0.15511
0 0.39799 0.44455 0.13201 0.20899
0 0.49712 0.73307 0.13147 0.20708
0 0.70658 0.80143 0.20608 0.39383
0 0.4112 0.30038 0.1473 0.11441
0 0.56059 0.43357 0.21357 0.34571
0 0.37437 0.29719 0.07329 0.10861
