0 0.63592 0.45308 0.23565 0.27608
0 0.2476 0.67526 0.16303 0.13642
0 0.40937 0.70201 0.16927 0.23737
0 0.30688 0.84089 0.21044 0.18835
0 0.27348 0.21363 0.12337 0.27135
0 0.65416 0.92768 0.06245 0.14294
0 0.87553 0.16139 0.24735 0.29275
0 0.40467 0.10362 0.21964 0.19096
0 0.76563 0.81219 0.28202 0.3737
0 0.52289 0.18613 0.18874 0.13074
0 0.75214 0.54714 0.12252 0.18667
0 0.82562 0.97532 0.0965 0.04856
0 0.78087 0.83843 0.24564 0.23058
0 0.85705 0.83845 0.09597 0.16911
0 0.45003 0.89109 0.08821 0.19553
0 0.454 0.41546 0.13069 0.16273
0 0.72149 0.83629 0.12446 0.22612
0 0.84743 0.69609 0.09691 0.1462
0 0.21572 0.48241 0.13952 0.16501
0 0.7558 0.86487 0.16096 0.17556
0 0.21235 0.45481 0.13245 0.11042
0 0.81961 0.17093 0.35922 0.31224
0 0.5756 0.70636 0.13292 0.15668
0 0.25846 0.21458 0.16063 0.27348
0 0.74792 0.83798 0.17823 0.22926
0 0.249 0.48498 0.20611 0.17089
0 0.60059 0.45248 0.16269 0.27458
0 0.45475 0.1271 0.32578 0.2412
0 0.70066 0.27803 0.2056 0.22204
0 0.86466 0.58495 0.09315 0.13559
