0 0.51544 0.89142 0.1707 0.1733
0 0.30407 0.37609 0.18805 0.22605
0 0.44156 0.25762 0.13759 0.13375
0 0.40242 0.69795 0.14827 0.20948
0 0.52976 0.06153 0.15912 0.12287
0 0.54981 0.18919 0.18932 0.09348
0 0.5475 0.17467 0.19408 0.12339
0 0.15095 0.28505 0.11475 0.12211
0 0.48629 0.5399 0.12387 0.14685
0 0.53132 0.3693 0.15471 0.20156
0 0.31884 0.12802 0.11301 0.24945
0 0.19916 0.37593 0.09296 0.08793
0 0.55092 0.75451 0.11161 0.14383
0 0.20318 0.09102 0.12359 0.13968
0 0.39641 0.09687 0.10676 0.15227
0 0.51869 0.67886 0.10179 0.09126
0 0.3926 0.42151 0.17516 0.16501
0 0.29036 0.52508 0.06964 0.14617
0 0.17096 0.87681 0.13908 0.14335
0 0.25098 0.23926 0.11176 0.16301
0 0.60269 0.67773 0.07089 0.0768
0 0.16426 0.98008 0.07742 0.03853
0 0.22221 0.61324 0.09694 0.06617
0 0.29736 0.65303 0.08258 0.10631
0 0.60761 0.57133 0.11218 0.12123
0 0.38431 0.1983 0.11263 0.12448
0 0.21175 0.92583 0.08964 0.07969
