0 0.48316 0.20689 0.20069 0.21823
0 0.86555 0.88062 0.19586 0.15551
0 0.70614 0.36772 0.19137 0.26468
0 0.75382 0.72026 0.21026 0.2183
0 0.84548 0.23107 0.16852 0.13393
0 0.24698 0.19853 0.16052 0.1614
0 0.26736 0.38869 0.19135 0.11707
0 0.67176 0.11592 0.07658 0.23057
0 0.28534 0.94304 0.14352 0.11326
0 0.59472 0.54417 0.13538 0.18181
0 0.83687 0.53062 0.14647 0.14059
0 0.41205 0.46803 0.18291 0.1094
0 0.27576 0.56748 0.09815 0.11586
0 0.47379 0.70985 0.10963 0.12781
0 0.30937 0.26715 0.13393 0.16064
0 0.80073 0.15604 0.11154 0.05482
0 0.81891 0.96136 0.11914 0.07639
0 0.54831 0.32158 0.16772 0.17934
0 0.85204 0.40743 0.16925 0.18051
0 0.23746 0.37325 0.13238 0.08597
0 0.72294 0.86259 0.07649 0.069
0 0.59632 0.11471 0.09414 0.10585
0 0.37047 0.68367 0.10943 0.11258
0 0.7286 0.56275 0.11848 0.11737
0 0.57216 0.8841 0.18071 0.13196
0 0.82947 0.41042 0.21357 0.18894
0 0.29731 0.40295 0.13191 0.08747
0 0.41467 0.90237 0.13193 0.19278
0 0.23593 0.36224 0.12787 0.06478
0 0.37797 0.37355 0.11752 0.13086
0 0.36029 0.04477 0.10427 0.08973
0 0.56513 0.6563 0.13057 0.12764
0 0.59827 0.38472 0.08008 0.13644
0 0.29634 0.82128 0.0617 0.10382
