0 0.6907 0.92152 0.19045 0.15532
0 0.56406 0.72223 0.18418 0.22409
0 0.4862 0.37424 0.19338 0.24451
0 0.63737 0.24479 0.16777 0.14023
0 0.37385 0.22705 0.15184 0.18386
0 0.48616 0.12222 0.09743 0.24248
0 0.70761 0.77239 0.1167 0.16119
0 0.27639 0.37391 0.12726 0.09694
0 0.65435 0.55783 0.13109 0.15809
0 0.24575 0.27466 0.13078 0.13163
0 0.69933 0.17614 0.19183 0.0937
0 0.42694 0.54767 0.09507 0.14627
0 0.2592 0.86017 0.12313 0.13908
0 0.69669 0.15947 0.19725 0.12718
0 0.31304 0.07308 0.16077 0.14612
0 0.65736 0.05293 0.16863 0.10558
0 0.66604 0.69494 0.1139 0.09737
0 0.63212 0.3878 0.2932 0.24546
0 0.33464 0.45278 0.1175 0.09842
0 0.53606 0.17589 0.11095 0.14028
0 0.54154 0.94948 0.08964 0.09939
0 0.2609 0.20191 0.08533 0.0638
0 0.40023 0.67405 0.0988 0.11669
0 0.31108 0.63346 0.10601 0.07241
0 0.29484 0.92008 0.146 0.15735
0 0.45664 0.84453 0.09572 0.10511
0 0.65439 0.12367 0.113 0.05996
0 0.74162 0.59655 0.08514 0.09253
0 0.29426 0.96158 0.10909 0.07568
0 0.70565 0.41039 0.1426 0.13697
0 0.56181 0.08261 0.08957 0.14581
