0 0.36117 0.16083 0.1782 0.20595
0 0.74182 0.14042 0.16675 0.21652
0 0.29016 0.37048 0.14987 0.18063
0 0.30434 0.93305 0.14915 0.13227
0 0.25614 0.61935 0.16698 0.15122
0 0.75478 0.65522 0.15647 0.12871
0 0.58127 0.47085 0.13054 0.0993
0 0.37026 0.46337 0.13219 0.12907
0 0.51685 0.05247 0.12382 0.10483
0 0.73321 0.91222 0.14225 0.09799
0 0.74666 0.41099 0.14165 0.17005
0 0.64017 0.03455 0.13152 0.06914
0 0.71381 0.80171 0.16679 0.13715
0 0.49646 0.14591 0.13203 0.15414
0 0.4943 0.93613 0.15953 0.12692
0 0.41222 0.3428 0.09826 0.13477
0 0.25727 0.46756 0.12239 0.07349
0 0.74287 0.42819 0.15027 0.20384
0 0.62881 0.96473 0.09982 0.06898
0 0.74625 0.96952 0.14591 0.0592
0 0.47049 0.80893 0.12931 0.13696
0 0.59193 0.80615 0.12001 0.14991
0 0.79304 0.7631 0.16058 0.15905
0 0.26571 0.03473 0.07253 0.06937
0 0.70687 0.45143 0.12635 0.10729
0 0.70683 0.46421 0.12791 0.13369
0 0.61758 0.71863 0.12553 0.12216
0 0.56048 0.57261 0.09844 0.12035
0 0.59591 0.09043 0.07929 0.06519
0 0.81391 0.74208 0.11867 0.11612
0 0.49422 0.12657 0.13702 0.19176
0 0.2543 0.63947 0.16338 0.10695
0 0.81259 0.25512 0.12572 0.06551
0 0.47893 0.11904 0.16691 0.20756
0 0.74872 0.12462 0.14933 0.18273
0 0.79351 0.7425 0.16143 0.11698
0 0.4919 0.95025 0.15265 0.09811
