0 0.81442 0.16526 0.13508 0.12837
0 0.67125 0.68192 0.15878 0.22227
0 0.84291 0.39669 0.10483 0.2352
0 0.43074 0.9561 0.1358 0.08597
0 0.73156 0.81257 0.13012 0.07823
0 0.35474 0.80997 0.13337 0.17072
0 0.48619 0.53847 0.1187 0.09565
0 0.65856 0.94559 0.09307 0.10736
0 0.80144 0.72322 0.14869 0.10307
0 0.56183 0.58701 0.11385 0.18263
0 0.68264 0.16589 0.11693 0.12891
0 0.53805 0.32418 0.09969 0.2379
0 0.5508 0.16524 0.15082 0.09488
0 0.51821 0.12104 0.17639 0.2281
0 0.32672 0.06173 0.08254 0.09509
0 0.8962 0.5596 0.18875 0.16859
0 0.81275 0.03206 0.0571 0.06424
0 0.88607 0.01984 0.1023 0.03969
0 0.71191 0.0417 0.05431 0.08334
0 0.46044 0.08198 0.05795 0.16335
0 0.38702 0.12339 0.10646 0.13786
0 0.36217 0.10281 0.15283 0.17638
0 0.38057 0.3827 0.15562 0.1696
0 0.78614 0.34669 0.06576 0.10272
0 0.59668 0.84122 0.07986 0.08549
0 0.42307 0.80512 0.08328 0.16323
0 0.35815 0.61443 0.10894 0.07405
0 0.87284 0.55846 0.14201 0.16629
0 0.4087 0.3427 0.07045 0.08855
0 0.38536 0.4211 0.14863 0.0932
0 0.31257 0.98318 0.10418 0.03186
0 0.45863 0.59404 0.11233 0.08338
0 0.74779 0.5758 0.10389 0.21887
0 0.26801 0.56224 0.0871 0.09403
0 0.34635 0.19589 0.12757 0.10049
0 0.35096 0.35068 0.09538 0.10595
0 0.33465 0.72233 0.09249 0.14571
0 0.69181 0.04388 0.09887 0.08768
0 0.93046 0.60131 0.12322 0.08542
0 0.53679 0.08068 0.1217 0.14744
0 0.38177 0.10882 0.09609 0.10859
0 0.42994 0.93654 0.13983 0.12563
0 0.72997 0.79687 0.13359 0.1106
0 0.6867 0.15567 0.09075 0.1057
