0 0.81915 0.14931 0.13763 0.1304
0 0.31964 0.36044 0.15769 0.14642
0 0.62757 0.27932 0.10117 0.15231
0 0.87371 0.61823 0.14144 0.09445
0 0.27878 0.92998 0.14398 0.13797
0 0.3721 0.88863 0.13709 0.14602
0 0.72996 0.74237 0.10744 0.13374
0 0.70716 0.24042 0.07035 0.2
0 0.36694 0.71751 0.12621 0.13917
0 0.56539 0.15485 0.10489 0.09841
0 0.528 0.64984 0.10128 0.18679
0 0.62139 0.80063 0.11835 0.08515
0 0.73361 0.35457 0.22076 0.14162
0 0.82578 0.55299 0.10989 0.13923
0 0.77698 0.35318 0.13409 0.13953
0 0.81513 0.48415 0.11686 0.08875
0 0.33748 0.71781 0.18552 0.13973
0 0.44409 0.15297 0.13866 0.12315
0 0.28662 0.51401 0.07515 0.08624
0 0.28124 0.12889 0.06626 0.08455
0 0.35844 0.08841 0.1033 0.17608
0 0.37428 0.97419 0.09256 0.05023
0 0.73167 0.02458 0.08746 0.04892
0 0.288 0.70425 0.08762 0.10718
0 0.51362 0.46244 0.10492 0.08858
0 0.446 0.95902 0.08273 0.05159
0 0.36755 0.55247 0.1442 0.06969
0 0.5321 0.80018 0.08521 0.07722
0 0.67013 0.3743 0.10069 0.10293
0 0.46123 0.02117 0.09332 0.04233
0 0.346 0.90701 0.27876 0.18391
0 0.65401 0.17682 0.09594 0.09164
0 0.42624 0.64309 0.0858 0.14827
0 0.83208 0.49471 0.15169 0.10868
0 0.61436 0.77854 0.13255 0.13072
0 0.29751 0.34265 0.10951 0.11034
