0 0.46082 0.22235 0.12348 0.17893
0 0.5631 0.58665 0.11327 0.17504
0 0.75627 0.75191 0.09659 0.12175
0 0.4922 0.94166 0.12196 0.11522
0 0.65827 0.48545 0.10213 0.21011
0 0.72743 0.23213 0.14989 0.16624
0 0.73926 0.91964 0.08353 0.13207
0 0.76023 0.38247 0.16347 0.0918
0 0.4677 0.60815 0.0939 0.11144
0 0.54059 0.71975 0.13755 0.14792
0 0.5763 0.1083 0.12755 0.21483
0 0.50956 0.3741 0.12985 0.09248
0 0.54132 0.86179 0.1033 0.1149
0 0.56701 0.20396 0.10586 0.16219
0 0.60211 0.3589 0.07931 0.11344
0 0.65792 0.44513 0.0997 0.1285
0 0.74393 0.61337 0.0864 0.17025
0 0.75898 0.362 0.16632 0.13281
0 0.39088 0.94229 0.09838 0.11354
0 0.72836 0.32292 0.10092 0.0585
0 0.4302 0.48075 0.12486 0.13494
0 0.642 0.14659 0.08099 0.15561
0 0.55482 0.7442 0.10018 0.09857
0 0.43596 0.34923 0.10838 0.12304
0 0.44623 0.75364 0.10412 0.09191
0 0.55654 0.12938 0.08795 0.16961
0 0.39594 0.45084 0.09553 0.08859
0 0.40132 0.94353 0.07703 0.11122
0 0.73065 0.25011 0.14341 0.12969
