0 0.7726 0.91915 0.2074 0.16052
0 0.43548 0.36055 0.14284 0.26621
0 0.81731 0.62607 0.09034 0.08678
0 0.74436 0.21375 0.09088 0.10707
0 0.38819 0.2 0.15888 0.26473
0 0.6169 0.71197 0.15108 0.23308
0 0.72716 0.32554 0.10004 0.14699
0 0.44382 0.91644 0.17909 0.12193
0 0.17464 0.89272 0.06267 0.14001
0 0.30638 0.13327 0.06824 0.11527
0 0.22717 0.59162 0.12658 0.1085
0 0.23965 0.59163 0.15186 0.1085
0 0.21291 0.77732 0.07313 0.09787
0 0.59138 0.9464 0.11959 0.10587
0 0.64259 0.48318 0.08346 0.13848
0 0.25311 0.45552 0.1254 0.16778
0 0.58102 0.34879 0.10024 0.12749
0 0.39304 0.77394 0.16738 0.14728
0 0.63975 0.19679 0.05648 0.0973
0 0.34654 0.88282 0.0786 0.0703
0 0.36744 0.81331 0.09511 0.06494
0 0.2538 0.95705 0.08951 0.08392
0 0.33748 0.38428 0.09707 0.14949
0 0.25117 0.66473 0.11239 0.08746
0 0.77888 0.67747 0.10358 0.09918
0 0.52666 0.13798 0.08851 0.14409
0 0.35513 0.24632 0.09292 0.17124
0 0.25122 0.65627 0.11357 0.10448
0 0.43111 0.10036 0.06691 0.04555
0 0.51102 0.114 0.05275 0.09656
0 0.4767 0.22009 0.07819 0.10778
0 0.51636 0.71395 0.11221 0.20692
0 0.6545 0.28507 0.05912 0.09727
0 0.22007 0.87935 0.05741 0.08769
0 0.19556 0.89182 0.10479 0.14208
0 0.657 0.67889 0.0724 0.15166
0 0.70381 0.53979 0.07964 0.12698
0 0.71713 0.53645 0.05196 0.11824
0 0.70733 0.32475 0.14066 0.15001
0 0.24643 0.59205 0.16583 0.11081
0 0.59099 0.71047 0.09915 0.23027
0 0.40932 0.17643 0.1147 0.21796
