0 0.69457 0.50639 0.11273 0.1001
0 0.22872 0.4592 0.15538 0.16741
0 0.5936 0.59154 0.12797 0.18357
0 0.41656 0.22186 0.1245 0.21418
0 0.36195 0.08856 0.10964 0.10567
0 0.32747 0.94156 0.09239 0.11567
0 0.23722 0.62308 0.12377 0.10815
0 0.58752 0.73645 0.12938 0.14922
0 0.62904 0.82906 0.11323 0.16118
0 0.30416 0.66142 0.10547 0.11962
0 0.46491 0.12372 0.15083 0.14355
0 0.28017 0.80303 0.09188 0.12855
0 0.69673 0.66132 0.08524 0.12415
0 0.43718 0.04176 0.05894 0.08214
0 0.42204 0.68866 0.13879 0.1114
0 0.52167 0.79727 0.0803 0.13099
0 0.6271 0.31996 0.06869 0.12024
0 0.44627 0.54981 0.1297 0.16478
0 0.56146 0.95869 0.1051 0.08148
0 0.61254 0.44845 0.07546 0.09272
0 0.38726 0.26922 0.06611 0.11994
0 0.70435 0.92859 0.11594 0.11197
0 0.39481 0.86123 0.082 0.09804
0 0.44291 0.20259 0.07216 0.17502
0 0.47433 0.85631 0.08997 0.11443
0 0.26717 0.89442 0.07291 0.09388
0 0.46161 0.43144 0.09394 0.14074
0 0.34471 0.47246 0.09102 0.10542
0 0.62919 0.97701 0.05136 0.04468
0 0.32046 0.35643 0.05264 0.12414
0 0.5817 0.95854 0.14561 0.08171
0 0.34036 0.36 0.09106 0.13031
0 0.34097 0.3791 0.09445 0.16654
0 0.5337 0.36075 0.07525 0.11637
0 0.5551 0.44664 0.10064 0.09811
0 0.63376 0.32505 0.04913 0.0979
0 0.44167 0.67217 0.17852 0.14433
