0 0.36698 0.22014 0.14132 0.19504
0 0.68164 0.37746 0.14242 0.08262
0 0.51136 0.60053 0.13566 0.18746
0 0.48995 0.74753 0.15281 0.15694
0 0.52128 0.86822 0.14002 0.18093
0 0.45991 0.11334 0.11446 0.15336
0 0.69478 0.73279 0.08331 0.12951
0 0.70324 0.97778 0.0976 0.04301
0 0.42774 0.96509 0.11286 0.06823
0 0.47079 0.23447 0.10478 0.11096
0 0.62068 0.22682 0.13692 0.15715
0 0.67588 0.89988 0.06881 0.13772
0 0.38777 0.64649 0.11982 0.11855
0 0.42685 0.40332 0.14307 0.11741
0 0.59704 0.44782 0.10446 0.13542
0 0.62381 0.55398 0.1145 0.08367
0 0.4162 0.79216 0.08335 0.10511
0 0.60166 0.13241 0.07678 0.0354
0 0.52674 0.36521 0.07771 0.11271
0 0.34369 0.78336 0.09141 0.07004
0 0.30263 0.47328 0.10233 0.10856
0 0.29114 0.42111 0.09982 0.09993
0 0.599 0.18913 0.09312 0.08439
0 0.52643 0.15702 0.06381 0.13861
0 0.33287 0.34513 0.10074 0.10217
0 0.33802 0.86551 0.06375 0.14948
0 0.31368 0.97811 0.10948 0.04273
0 0.68252 0.73156 0.10863 0.1328
