0 0.56367 0.15506 0.16917 0.19488
0 0.74857 0.63292 0.16039 0.113
0 0.48476 0.66635 0.15024 0.20647
0 0.53906 0.30741 0.1811 0.19172
0 0.70743 0.06166 0.14675 0.10589
0 0.38539 0.2566 0.15967 0.15674
0 0.60054 0.68658 0.09743 0.12411
0 0.41897 0.18052 0.1192 0.11542
0 0.57762 0.45084 0.14515 0.15433
0 0.25469 0.90186 0.12876 0.1555
0 0.26411 0.36522 0.08215 0.09707
0 0.69452 0.52114 0.04949 0.13915
0 0.67883 0.91794 0.10502 0.1132
0 0.70848 0.75905 0.12096 0.13931
0 0.30015 0.73199 0.11327 0.18948
0 0.69673 0.26221 0.10455 0.15241
0 0.23317 0.04394 0.10256 0.08794
0 0.33875 0.08092 0.1379 0.14214
0 0.23358 0.17555 0.11364 0.09159
0 0.64091 0.028 0.11009 0.05566
0 0.52373 0.91998 0.12313 0.14354
0 0.30974 0.54579 0.08036 0.18127
0 0.61202 0.8048 0.08374 0.14682
0 0.45659 0.39246 0.10499 0.10717
0 0.72548 0.33434 0.06246 0.11199
0 0.70613 0.98183 0.08377 0.03454
0 0.29727 0.04023 0.10188 0.08011
0 0.24306 0.74082 0.09286 0.14421
0 0.67451 0.83144 0.06798 0.09258
0 0.28127 0.20902 0.10532 0.09074
0 0.44341 0.0362 0.1271 0.07252
0 0.33954 0.42584 0.1017 0.06662
0 0.52774 0.58934 0.10449 0.10593
0 0.36978 0.78385 0.1468 0.13277
0 0.451 0.4798 0.08254 0.09455
0 0.58434 0.42549 0.1595 0.20707
0 0.35777 0.7838 0.17306 0.13509
