0 0.52467 0.1643 0.14566 0.19703
0 0.43688 0.6631 0.15498 0.20725
0 0.72971 0.70826 0.16594 0.14538
0 0.74673 0.3623 0.10609 0.1407
0 0.6184 0.8617 0.12496 0.15891
0 0.55997 0.7202 0.10634 0.14018
0 0.71677 0.21154 0.14325 0.19426
0 0.49537 0.33052 0.16263 0.16179
0 0.64516 0.06345 0.1326 0.12647
0 0.40112 0.19191 0.11033 0.09906
0 0.71546 0.57178 0.09585 0.14995
0 0.33585 0.07667 0.17152 0.15295
0 0.73483 0.93454 0.0917 0.12909
0 0.41782 0.38815 0.0836 0.10845
0 0.32834 0.66797 0.10038 0.15758
0 0.40258 0.26005 0.10712 0.11759
0 0.66497 0.96219 0.07665 0.07407
0 0.30065 0.81718 0.10499 0.13167
0 0.53131 0.45113 0.17538 0.19072
0 0.34428 0.34724 0.05655 0.0718
0 0.74037 0.83736 0.16689 0.16853
0 0.32335 0.95551 0.11867 0.08128
0 0.50788 0.48247 0.13226 0.1289
0 0.46792 0.04245 0.12556 0.08481
0 0.35749 0.88078 0.12793 0.11497
0 0.51564 0.35485 0.118 0.11361
0 0.49345 0.30674 0.15847 0.11374
0 0.64131 0.02989 0.12722 0.05924
0 0.56589 0.96251 0.12949 0.07322
