0 0.36539 0.79026 0.22788 0.24833
0 0.45511 0.1235 0.10559 0.15043
0 0.84374 0.67111 0.13107 0.24923
0 0.85208 0.88164 0.13252 0.21778
0 0.52258 0.66596 0.11734 0.10458
0 0.55102 0.26604 0.11581 0.11443
0 0.67955 0.30748 0.0723 0.23314
0 0.3575 0.41378 0.06339 0.14894
0 0.48663 0.93047 0.0685 0.137
0 0.62227 0.83577 0.16123 0.18777
0 0.73604 0.58505 0.13361 0.20426
0 0.62309 0.18065 0.10169 0.05863
0 0.4224 0.20919 0.08707 0.10836
0 0.40244 0.28359 0.08755 0.15123
0 0.52645 0.04063 0.10055 0.08106
0 0.53432 0.39333 0.14424 0.16385
0 0.34183 0.03935 0.10719 0.07767
0 0.52208 0.39393 0.11937 0.15858
0 0.41255 0.97463 0.09165 0.04913
0 0.42152 0.04887 0.08909 0.09751
0 0.54418 0.03986 0.06412 0.07953
0 0.7169 0.93634 0.21341 0.12578
0 0.3769 0.04797 0.17682 0.09587
0 0.49707 0.02498 0.0426 0.04988
0 0.64983 0.1911 0.15153 0.16279
0 0.33437 0.63311 0.10164 0.09352
0 0.6204 0.86192 0.16768 0.24386
0 0.31443 0.42437 0.09166 0.19644
0 0.34371 0.45339 0.15085 0.25515
0 0.74749 0.93782 0.15223 0.1227
0 0.68295 0.13929 0.14867 0.27286
0 0.66664 0.18951 0.11576 0.1618
0 0.6797 0.33988 0.07187 0.16445
