0 0.71652 0.24353 0.17131 0.08962
0 0.51774 0.27878 0.11269 0.13565
0 0.39593 0.22323 0.18043 0.19714
0 0.66845 0.13442 0.07966 0.16189
0 0.50926 0.85102 0.11603 0.14768
0 0.57575 0.47608 0.12716 0.18313
0 0.44221 0.52169 0.14515 0.12797
0 0.2783 0.78559 0.10671 0.14665
0 0.63659 0.59646 0.10422 0.12744
0 0.30298 0.91862 0.1209 0.14769
0 0.62459 0.83204 0.10912 0.12923
0 0.4038 0.05848 0.04459 0.10466
0 0.2734 0.26764 0.11695 0.10284
0 0.42545 0.94718 0.09337 0.10401
0 0.48214 0.67351 0.13786 0.17855
0 0.2216 0.51355 0.08725 0.08319
0 0.69009 0.42179 0.11694 0.13793
0 0.56558 0.16736 0.11537 0.13937
0 0.34034 0.37148 0.12116 0.12972
0 0.42513 0.92654 0.0944 0.14497
0 0.2997 0.5262 0.12973 0.14063
0 0.65383 0.49021 0.08091 0.09259
0 0.24265 0.25922 0.06846 0.09926
0 0.29674 0.17376 0.06298 0.10839
0 0.61215 0.07964 0.07146 0.10182
0 0.27323 0.37015 0.12621 0.13611
0 0.73449 0.49417 0.07819 0.09092
0 0.53502 0.57741 0.09568 0.08985
0 0.58954 0.91196 0.10567 0.11191
0 0.57511 0.18162 0.09365 0.10991
0 0.45998 0.16629 0.07443 0.11673
0 0.70068 0.60458 0.08024 0.16456
