0 0.354687 0.118750 0.134375 0.212500
0 0.652344 0.120833 0.160938 0.187500
0 0.639844 0.534375 0.154688 0.189583
0 0.659375 0.692708 0.115625 0.135417
0 0.445312 0.489583 0.121875 0.183333
0 0.494531 0.952083 0.126562 0.091667
0 0.678125 0.890625 0.096875 0.168750
0 0.377344 0.947917 0.164062 0.100000
0 0.575000 0.601042 0.081250 0.160417
0 0.725781 0.544792 0.067187 0.127083
0 0.410156 0.641667 0.132812 0.154167
0 0.681250 0.267708 0.175000 0.072917
0 0.549219 0.335417 0.104688 0.133333
0 0.711719 0.355208 0.095312 0.085417
0 0.400781 0.806250 0.132812 0.125000
0 0.333594 0.705208 0.064062 0.106250
0 0.616406 0.031250 0.104688 0.058333
0 0.496875 0.747917 0.103125 0.191667
0 0.335938 0.538542 0.100000 0.097917
0 0.339844 0.253125 0.085938 0.102083
0 0.709375 0.773958 0.071875 0.068750
0 0.719531 0.685417 0.051562 0.091667
0 0.684375 0.980208 0.103125 0.035417
0 0.539844 0.865625 0.089063 0.122917
0 0.521875 0.180208 0.100000 0.139583
0 0.651563 0.215625 0.112500 0.052083
0 0.324219 0.406250 0.098437 0.112500
0 0.681250 0.247917 0.175000 0.116667
0 0.273438 0.362500 0.081250 0.100000
0 0.667188 0.890625 0.121875 0.177083
