0 0.4028 0.76937 0.16316 0.20189
0 0.54668 0.92196 0.13778 0.15431
0 0.4587 0.25179 0.12905 0.16569
0 0.66307 0.44974 0.10403 0.12008
0 0.63906 0.30888 0.13586 0.17487
0 0.51427 0.737 0.13512 0.13711
0 0.28361 0.74315 0.11952 0.15571
0 0.73608 0.95339 0.11051 0.0917
0 0.42851 0.39732 0.15351 0.14289
0 0.46216 0.514 0.19105 0.16681
0 0.35006 0.47261 0.09142 0.09912
0 0.56377 0.12349 0.11253 0.17916
0 0.39905 0.08765 0.16686 0.14377
0 0.67809 0.14783 0.11409 0.11846
0 0.33709 0.30794 0.10933 0.11311
0 0.64216 0.90345 0.13274 0.17537
0 0.31775 0.18877 0.13836 0.15301
0 0.36492 0.07877 0.10483 0.12695
0 0.31682 0.64871 0.08294 0.07571
0 0.36844 0.58061 0.06966 0.13558
0 0.66574 0.56557 0.06612 0.0572
0 0.64414 0.65237 0.08022 0.13985
0 0.2278 0.83787 0.13158 0.06121
0 0.71328 0.74949 0.14915 0.08824
0 0.53135 0.63539 0.09269 0.10649
0 0.43137 0.53849 0.13481 0.11846
0 0.27254 0.92138 0.14097 0.15199
0 0.33568 0.04651 0.12906 0.09241
0 0.49092 0.51169 0.13633 0.16219
0 0.65217 0.77551 0.08206 0.10377
0 0.67532 0.03735 0.16912 0.07338
0 0.64887 0.06298 0.13008 0.09832
0 0.41532 0.88694 0.12005 0.07871
0 0.26502 0.14214 0.09465 0.11269
0 0.47055 0.25145 0.10194 0.16365
