0 0.623437 0.923958 0.128125 0.147917
0 0.482031 0.411458 0.148438 0.168750
0 0.708594 0.114583 0.085938 0.104167
0 0.463281 0.730208 0.132812 0.106250
0 0.491406 0.921875 0.154688 0.139583
0 0.602344 0.588542 0.120313 0.177083
0 0.431250 0.258333 0.081250 0.133333
0 0.501563 0.051042 0.153125 0.097917
0 0.367188 0.347917 0.084375 0.100000
0 0.752344 0.379167 0.148438 0.083333
0 0.581250 0.375000 0.125000 0.145833
0 0.750000 0.640625 0.112500 0.106250
0 0.653125 0.701042 0.090625 0.118750
0 0.339062 0.473958 0.134375 0.197917
0 0.685156 0.034375 0.079687 0.064583
0 0.355469 0.177083 0.085938 0.087500
0 0.291406 0.907292 0.082812 0.139583
0 0.444531 0.610417 0.104688 0.104167
0 0.697656 0.852083 0.073438 0.120833
0 0.682813 0.170833 0.103125 0.066667
0 0.323437 0.038542 0.053125 0.047917
0 0.678125 0.470833 0.068750 0.100000
0 0.327344 0.810417 0.070312 0.125000
0 0.374219 0.053125 0.057813 0.102083
0 0.636719 0.262500 0.064062 0.087500
0 0.558594 0.373958 0.170313 0.147917
0 0.541406 0.157292 0.129688 0.139583
0 0.431250 0.116667 0.096875 0.100000
0 0.580469 0.358333 0.129688 0.179167
0 0.740625 0.751042 0.093750 0.156250
0 0.694531 0.114583 0.117188 0.104167
