0 0.82392 0.77352 0.2467 0.29048
0 0.86844 0.5561 0.18472 0.21062
0 0.38609 0.73442 0.11442 0.11052
0 0.24107 0.07826 0.14825 0.15606
0 0.2306 0.71042 0.13859 0.09906
0 0.27418 0.54621 0.11256 0.17022
0 0.48848 0.40416 0.21275 0.20055
0 0.76174 0.2909 0.11948 0.22788
0 0.58713 0.54762 0.2188 0.10809
0 0.26962 0.41379 0.09135 0.10645
0 0.23313 0.95618 0.08609 0.08572
0 0.22099 0.22057 0.12668 0.11396
0 0.32552 0.19589 0.09486 0.05745
0 0.38918 0.07729 0.17499 0.11615
0 0.2402 0.87705 0.08451 0.08865
0 0.662 0.67093 0.17659 0.14428
0 0.46638 0.52447 0.11405 0.1025
0 0.68491 0.95814 0.08232 0.08171
0 0.66226 0.3069 0.15689 0.15202
0 0.20832 0.57314 0.07262 0.08026
0 0.58674 0.21624 0.20784 0.24391
0 0.54815 0.12756 0.05827 0.18655
0 0.75019 0.58581 0.12458 0.15569
0 0.7328 0.03026 0.07939 0.06028
0 0.64956 0.79999 0.12181 0.14335
0 0.63119 0.13926 0.11815 0.09096
0 0.53543 0.69854 0.06361 0.12333
0 0.66144 0.28333 0.15786 0.20665
0 0.41751 0.61899 0.11067 0.1084
0 0.57314 0.84788 0.05732 0.15317
0 0.28279 0.30368 0.1094 0.09127
0 0.25382 0.04995 0.05689 0.09975
0 0.79252 0.34106 0.14598 0.1955
0 0.76935 0.94994 0.12049 0.09596
0 0.33501 0.01745 0.06538 0.03486
0 0.80809 0.35242 0.11503 0.16585
0 0.32498 0.80394 0.12171 0.17223
0 0.47973 0.88094 0.0836 0.12824
0 0.54642 0.27954 0.12622 0.12386
0 0.49384 0.79009 0.11446 0.07623
0 0.24805 0.25736 0.18078 0.18626
0 0.52547 0.11481 0.10472 0.21531
0 0.76922 0.2688 0.10242 0.18353
0 0.2716 0.29099 0.13268 0.11824
0 0.38666 0.06038 0.16898 0.07754
0 0.74184 0.56346 0.10597 0.1115
