0 0.85385 0.89841 0.17062 0.20184
0 0.78682 0.19604 0.08749 0.10574
0 0.55472 0.37536 0.10477 0.29634
0 0.76666 0.30697 0.13033 0.14613
0 0.81947 0.58256 0.08208 0.07469
0 0.51266 0.21455 0.15149 0.28213
0 0.37317 0.19673 0.08185 0.1283
0 0.23654 0.65306 0.13975 0.11815
0 0.66494 0.65841 0.15777 0.18615
0 0.43872 0.4152 0.09535 0.18065
0 0.3449 0.4651 0.06881 0.11634
0 0.25591 0.48566 0.15561 0.20212
0 0.39384 0.10716 0.04475 0.13289
0 0.29595 0.75193 0.12279 0.11375
0 0.25483 0.96607 0.08665 0.06572
0 0.29512 0.88283 0.08494 0.11938
0 0.72933 0.96454 0.10314 0.0693
0 0.34278 0.68699 0.08952 0.1071
0 0.52034 0.83775 0.16777 0.17612
0 0.59898 0.93404 0.16249 0.13044
0 0.68551 0.17312 0.04466 0.09898
0 0.64465 0.35395 0.08935 0.14077
0 0.27607 0.4471 0.07584 0.12629
0 0.47279 0.05595 0.05843 0.06031
0 0.47325 0.95792 0.10091 0.06116
0 0.29878 0.9814 0.08912 0.03588
0 0.54705 0.66235 0.0462 0.18867
0 0.68101 0.24737 0.06869 0.04928
0 0.54912 0.93298 0.26445 0.13307
0 0.30775 0.89371 0.1111 0.14088
0 0.49449 0.88844 0.09905 0.07603
0 0.47773 0.2854 0.08131 0.14121
0 0.6705 0.18266 0.07544 0.11709
0 0.53953 0.18176 0.09576 0.21588
0 0.54894 0.02003 0.11872 0.04025
0 0.27689 0.96625 0.13122 0.06581
0 0.77837 0.69653 0.07342 0.13565
0 0.39838 0.08425 0.13557 0.16788
0 0.26763 0.53981 0.13046 0.09562
0 0.57935 0.37367 0.05359 0.29391
0 0.32661 0.90821 0.07697 0.11739
0 0.3903 0.10786 0.11901 0.12044
0 0.51175 0.75144 0.1081 0.0845
0 0.7463 0.30559 0.17237 0.15035
0 0.72942 0.95037 0.10494 0.09736
0 0.70175 0.46505 0.05297 0.14016
0 0.38942 0.08867 0.11717 0.07192
0 0.39168 0.50971 0.10018 0.09646
