0 0.87595 0.36653 0.18195 0.2459
0 0.74652 0.64353 0.0753 0.12154
0 0.59187 0.16123 0.09339 0.09979
0 0.38835 0.70324 0.12226 0.12664
0 0.35432 0.58885 0.08495 0.10085
0 0.47263 0.11151 0.09671 0.14223
0 0.80019 0.91298 0.15725 0.17229
0 0.40825 0.92006 0.135 0.15813
0 0.35386 0.35015 0.13305 0.0569
0 0.52024 0.34976 0.09215 0.07496
0 0.36914 0.08459 0.09631 0.16928
0 0.57721 0.85146 0.0906 0.20498
0 0.77199 0.27106 0.10147 0.13812
0 0.73467 0.40398 0.11235 0.12299
0 0.91478 0.70249 0.04743 0.11067
0 0.36571 0.50592 0.07434 0.08018
0 0.86825 0.2393 0.10532 0.11204
0 0.68056 0.95367 0.07815 0.09117
0 0.65492 0.71577 0.07707 0.13044
0 0.38972 0.0878 0.13792 0.17565
0 0.44316 0.42578 0.08497 0.13113
0 0.90896 0.63068 0.06252 0.09551
0 0.54036 0.60796 0.11438 0.19081
0 0.49829 0.75596 0.08319 0.10845
0 0.65272 0.72969 0.06691 0.10253
0 0.91819 0.97363 0.11357 0.05102
0 0.43831 0.03088 0.06979 0.06141
0 0.83494 0.47938 0.07907 0.0651
0 0.53331 0.61989 0.09719 0.16671
0 0.4143 0.56696 0.03981 0.09063
0 0.38976 0.1871 0.08439 0.07115
0 0.51391 0.44666 0.05323 0.14153
0 0.82942 0.7162 0.08926 0.11044
0 0.61762 0.08092 0.08003 0.07106
0 0.58523 0.69385 0.07337 0.09677
0 0.62345 0.34523 0.0608 0.08196
0 0.69605 0.81002 0.06781 0.09563
0 0.91682 0.81621 0.03278 0.11124
0 0.69816 0.32009 0.06755 0.08178
0 0.69986 0.71697 0.05308 0.08123
0 0.46205 0.64994 0.08138 0.08735
0 0.39076 0.20435 0.0876 0.10569
0 0.80762 0.83278 0.03212 0.10625
0 0.85879 0.64507 0.0886 0.07549
0 0.84073 0.88915 0.07635 0.12331
0 0.8396 0.72374 0.06286 0.09363
0 0.72378 0.53945 0.07291 0.08786
