0 0.57836 0.08218 0.16083 0.16424
0 0.23344 0.56897 0.15391 0.12818
0 0.74693 0.74337 0.14777 0.14636
0 0.37221 0.86033 0.16307 0.13929
0 0.42326 0.49587 0.07945 0.11034
0 0.20983 0.14177 0.05508 0.1152
0 0.37676 0.27279 0.09195 0.04942
0 0.6506 0.33172 0.09229 0.12181
0 0.47339 0.24113 0.08191 0.10443
0 0.38397 0.10598 0.05649 0.10566
0 0.52248 0.93846 0.12408 0.12175
0 0.69731 0.92602 0.13595 0.08112
0 0.26834 0.91753 0.11245 0.16254
0 0.32075 0.4989 0.12272 0.2005
0 0.67365 0.15847 0.07601 0.10729
0 0.44102 0.32272 0.04378 0.1182
0 0.23992 0.24226 0.0611 0.08304
0 0.58423 0.38087 0.08308 0.13392
0 0.47733 0.09653 0.08343 0.13652
0 0.65378 0.7298 0.07903 0.11836
0 0.21603 0.86147 0.08591 0.08047
0 0.42961 0.7296 0.12957 0.07752
0 0.67047 0.23916 0.19268 0.16241
0 0.71617 0.38586 0.08902 0.11346
0 0.28979 0.72905 0.08971 0.15197
0 0.30444 0.31801 0.08851 0.19772
0 0.56118 0.65969 0.14446 0.18881
0 0.59337 0.50914 0.09149 0.13868
0 0.24235 0.43597 0.07176 0.03921
0 0.30523 0.34805 0.0857 0.13735
0 0.2323 0.32303 0.07308 0.09468
0 0.70791 0.84741 0.1543 0.1001
0 0.6963 0.04205 0.03278 0.08391
0 0.70563 0.60828 0.05226 0.13261
0 0.66843 0.22259 0.19744 0.19891
0 0.50362 0.38899 0.0936 0.09697
0 0.69551 0.22136 0.14361 0.0975
