0 0.70336 0.92702 0.19471 0.14505
0 0.38845 0.37979 0.14963 0.2693
0 0.71546 0.21988 0.10007 0.11278
0 0.32797 0.23362 0.16703 0.24737
0 0.77499 0.63096 0.08632 0.07883
0 0.1497 0.87467 0.05334 0.12592
0 0.25191 0.1421 0.06924 0.11353
0 0.40223 0.9037 0.16694 0.14176
0 0.68742 0.33461 0.11552 0.15723
0 0.55238 0.7508 0.14989 0.19382
0 0.24113 0.43978 0.16141 0.17519
0 0.44252 0.21379 0.09386 0.12662
0 0.60114 0.49324 0.08697 0.13712
0 0.54136 0.3571 0.10341 0.14033
0 0.18635 0.76074 0.0676 0.09157
0 0.20019 0.58338 0.12203 0.12848
0 0.3258 0.81361 0.09156 0.07316
0 0.52938 0.95254 0.11049 0.09352
0 0.22303 0.65127 0.11364 0.09383
0 0.74027 0.6847 0.09022 0.10318
0 0.38229 0.11259 0.1062 0.10222
0 0.48017 0.10417 0.05573 0.13624
0 0.29008 0.40527 0.09853 0.1469
0 0.53433 0.75174 0.1139 0.19058
0 0.18873 0.84258 0.07549 0.0872
0 0.59854 0.18881 0.07757 0.10368
0 0.27467 0.95076 0.10023 0.09739
0 0.66865 0.66471 0.10019 0.1143
0 0.56072 0.62405 0.11268 0.10685
0 0.41938 0.6302 0.13729 0.08866
0 0.38452 0.78108 0.09448 0.10188
0 0.6695 0.77721 0.11859 0.09887
0 0.35297 0.77219 0.15549 0.12307
0 0.49497 0.11564 0.09238 0.15786
0 0.65987 0.55095 0.07729 0.12155
0 0.27277 0.89146 0.14308 0.09639
0 0.73972 0.67112 0.09169 0.13014
0 0.34558 0.20939 0.13091 0.19775
