0 0.74401 0.94578 0.13874 0.10699
0 0.72897 0.06791 0.08083 0.11806
0 0.4365 0.82002 0.19662 0.15507
0 0.406 0.27922 0.16161 0.12683
0 0.54267 0.19542 0.05971 0.13411
0 0.463 0.13961 0.1071 0.07013
0 0.60427 0.93432 0.09217 0.12958
0 0.79304 0.82499 0.15167 0.06116
0 0.2276 0.50049 0.16211 0.14764
0 0.76063 0.22054 0.08434 0.11777
0 0.22254 0.61333 0.13108 0.07748
0 0.16427 0.88321 0.14186 0.12793
0 0.45062 0.93239 0.126 0.13322
0 0.72594 0.26191 0.07365 0.13023
0 0.7303 0.39394 0.07102 0.14541
0 0.25179 0.75945 0.10719 0.14828
0 0.55987 0.37336 0.05601 0.11976
0 0.71996 0.76345 0.14106 0.0759
0 0.20155 0.09829 0.08317 0.07988
0 0.47831 0.65364 0.12843 0.07501
0 0.50855 0.03323 0.08246 0.06631
0 0.33061 0.6761 0.09357 0.16887
0 0.25561 0.92025 0.09585 0.15773
0 0.32873 0.17908 0.07226 0.17903
0 0.19686 0.1812 0.08541 0.10814
0 0.68645 0.57477 0.136 0.15903
0 0.19553 0.7831 0.05926 0.08819
0 0.56463 0.45493 0.0719 0.07819
0 0.53748 0.90899 0.07974 0.12802
0 0.68801 0.35347 0.04607 0.13023
0 0.58369 0.93427 0.13422 0.12958
0 0.68216 0.01673 0.05821 0.03351
0 0.27424 0.3702 0.12352 0.05538
0 0.56942 0.11265 0.06226 0.12115
0 0.67591 0.13014 0.0806 0.15432
0 0.3891 0.3981 0.12275 0.13969
0 0.35835 0.4153 0.06738 0.0992
0 0.63825 0.27755 0.09956 0.06953
0 0.26713 0.28858 0.04251 0.09045
0 0.34621 0.67078 0.12532 0.18426
0 0.36342 0.02889 0.07535 0.05715
0 0.38393 0.11835 0.06138 0.07485
0 0.58312 0.11406 0.08881 0.12296
0 0.32871 0.13366 0.07108 0.08899
0 0.27757 0.03389 0.1124 0.06716
0 0.81218 0.61263 0.08502 0.10629
0 0.39745 0.56008 0.1071 0.07347
0 0.27257 0.34216 0.12137 0.1082
0 0.71262 0.55346 0.08391 0.11555
0 0.53677 0.29696 0.10285 0.07685
0 0.35326 0.12884 0.11903 0.0951
0 0.73558 0.67044 0.15003 0.13361
0 0.73593 0.69295 0.14836 0.08805
0 0.2066 0.48201 0.1182 0.11008
0 0.46278 0.15701 0.1085 0.10564
