0 0.75766 0.9387 0.16257 0.12162
0 0.57834 0.20191 0.07188 0.13572
0 0.50708 0.14322 0.1054 0.07033
0 0.71177 0.09425 0.07449 0.1008
0 0.60571 0.9313 0.12254 0.13574
0 0.17642 0.93512 0.19459 0.12758
0 0.49397 0.83964 0.21606 0.16544
0 0.16737 0.17166 0.089 0.11638
0 0.79871 0.80362 0.13715 0.05609
0 0.72735 0.02868 0.14535 0.05786
0 0.40691 0.27997 0.1529 0.13367
0 0.21364 0.49369 0.14835 0.10881
0 0.8357 0.60201 0.08347 0.08947
0 0.50653 0.66103 0.11074 0.07866
0 0.37733 0.39701 0.0949 0.20904
0 0.38886 0.70862 0.1223 0.21973
0 0.23533 0.64216 0.16289 0.09021
0 0.36413 0.13982 0.06047 0.11902
0 0.22773 0.51921 0.1769 0.15997
0 0.76281 0.39886 0.04742 0.13709
0 0.50092 0.02818 0.06134 0.05627
0 0.1801 0.07987 0.08144 0.08617
0 0.17685 0.83597 0.06095 0.11113
0 0.24165 0.35156 0.15119 0.10162
0 0.24143 0.79572 0.11136 0.1619
0 0.76633 0.27397 0.07288 0.13127
0 0.24302 0.19192 0.07591 0.09154
0 0.69613 0.71113 0.13418 0.14832
0 0.67548 0.57184 0.13911 0.14502
0 0.37013 0.02787 0.0713 0.05563
0 0.32493 0.75628 0.08132 0.08772
0 0.5554 0.46155 0.07021 0.0783
0 0.54696 0.92256 0.08304 0.10683
0 0.28306 0.05127 0.09423 0.10227
0 0.3014 0.29515 0.06588 0.11095
0 0.76642 0.26022 0.07402 0.15874
0 0.42989 0.95706 0.13835 0.08475
0 0.72864 0.36014 0.02658 0.12494
0 0.28208 0.02859 0.09151 0.0573
0 0.6976 0.75363 0.13065 0.06706
0 0.25233 0.56336 0.126 0.07619
0 0.17607 0.71137 0.06327 0.08128
0 0.38506 0.10383 0.09411 0.09356
0 0.49444 0.86827 0.21513 0.10719
0 0.62933 0.3863 0.04484 0.11588
0 0.62554 0.81671 0.103 0.09831
0 0.75784 0.27691 0.05578 0.12162
0 0.22142 0.34929 0.10936 0.09397
0 0.49403 0.03523 0.08121 0.07008
0 0.75849 0.62441 0.10809 0.06887
0 0.69648 0.68267 0.12794 0.08263
0 0.25353 0.54139 0.12844 0.11106
0 0.76772 0.2329 0.07107 0.10521
