0 0.81485 0.11188 0.16402 0.22346
0 0.85379 0.90776 0.12167 0.0627
0 0.26921 0.31357 0.10153 0.12433
0 0.70141 0.36848 0.08321 0.13512
0 0.2805 0.21646 0.08802 0.09247
0 0.46283 0.47422 0.10051 0.12484
0 0.53984 0.58772 0.11921 0.23071
0 0.30036 0.46291 0.18437 0.16194
0 0.76102 0.23769 0.06047 0.09381
0 0.34763 0.27931 0.06161 0.13244
0 0.48259 0.09505 0.06821 0.16101
0 0.37444 0.12182 0.10851 0.14411
0 0.48833 0.32358 0.12336 0.20533
0 0.73012 0.70577 0.13406 0.19503
0 0.91189 0.72867 0.08549 0.0845
0 0.32379 0.682 0.11753 0.13857
0 0.61188 0.45188 0.07688 0.10739
0 0.65235 0.31667 0.09499 0.10694
0 0.85761 0.43021 0.03338 0.11782
0 0.37697 0.52497 0.12947 0.08727
0 0.65539 0.95386 0.19393 0.09138
0 0.73531 0.85195 0.11996 0.08178
0 0.62813 0.81283 0.08888 0.08201
0 0.66915 0.11541 0.07455 0.11856
0 0.77914 0.54965 0.05329 0.11634
0 0.62286 0.59121 0.0663 0.08856
0 0.68398 0.12369 0.1074 0.13597
0 0.64262 0.05836 0.07533 0.11575
0 0.56388 0.07686 0.07628 0.11254
0 0.28126 0.48473 0.14572 0.11712
0 0.86591 0.73869 0.17545 0.10379
0 0.41378 0.36524 0.12206 0.11576
0 0.59174 0.16433 0.05203 0.07168
0 0.73096 0.87684 0.12878 0.13339
0 0.24141 0.92298 0.09267 0.14335
0 0.33966 0.43323 0.10501 0.10224
0 0.83733 0.75035 0.11929 0.07954
0 0.76851 0.44843 0.10226 0.07243
0 0.82969 0.3637 0.03762 0.06224
0 0.52243 0.42597 0.06692 0.1261
0 0.609 0.24393 0.08571 0.07751
0 0.43892 0.928 0.10667 0.10902
0 0.59104 0.77541 0.07886 0.11733
0 0.71796 0.78209 0.09054 0.06354
0 0.71702 0.12638 0.04536 0.09622
0 0.44634 0.90589 0.12352 0.16568
0 0.61157 0.78544 0.12007 0.1364
0 0.70489 0.03899 0.07461 0.07725
0 0.51993 0.77858 0.0726 0.10604
0 0.35705 0.09744 0.15086 0.19449
0 0.25264 0.92455 0.11605 0.14686
0 0.2415 0.95049 0.091 0.08491
0 0.84288 0.41076 0.06302 0.15452
0 0.62441 0.95351 0.11977 0.09105
0 0.3516 0.69042 0.17431 0.15566
0 0.50942 0.31198 0.07518 0.16479
0 0.6544 0.30624 0.08714 0.06324
0 0.71685 0.70735 0.16054 0.20166
0 0.63298 0.95345 0.24336 0.09196
0 0.84959 0.52578 0.04264 0.1607
0 0.73159 0.68984 0.12916 0.1604
