0 0.53596 0.84627 0.10383 0.10963
0 0.47272 0.34387 0.09166 0.1385
0 0.78227 0.77208 0.11436 0.21253
0 0.52712 0.60912 0.1063 0.12615
0 0.57663 0.27159 0.09293 0.12453
0 0.6027 0.34798 0.11799 0.09573
0 0.78595 0.91504 0.09619 0.16823
0 0.70719 0.7405 0.11075 0.17861
0 0.36996 0.9218 0.18839 0.155
0 0.33428 0.24844 0.0696 0.06546
0 0.38262 0.15805 0.12838 0.1243
0 0.65564 0.50707 0.0668 0.19594
0 0.34571 0.76702 0.06346 0.14105
0 0.38475 0.43563 0.08103 0.14069
0 0.41954 0.24922 0.11555 0.08289
0 0.53804 0.48215 0.12652 0.16363
0 0.30592 0.56386 0.073 0.04527
0 0.38119 0.61239 0.04742 0.12329
0 0.39785 0.92113 0.24462 0.15657
0 0.40078 0.90095 0.25071 0.19659
0 0.60999 0.93327 0.12183 0.13233
0 0.56862 0.14444 0.1866 0.14485
0 0.66971 0.34465 0.13604 0.24841
0 0.41826 0.23073 0.11986 0.11995
0 0.49078 0.24178 0.05791 0.08015
0 0.39014 0.19274 0.17827 0.1931
0 0.4061 0.37287 0.07485 0.1007
0 0.38246 0.83836 0.10793 0.07894
0 0.62253 0.1342 0.0814 0.07071
0 0.76714 0.91419 0.13503 0.16995
0 0.40801 0.34909 0.07956 0.14826
0 0.33395 0.61827 0.05788 0.14297
0 0.37037 0.6619 0.13114 0.23538
0 0.40288 0.73455 0.06768 0.09192
0 0.47794 0.94405 0.08585 0.10968
0 0.54091 0.46031 0.11409 0.11989
0 0.7923 0.73089 0.09361 0.12938
0 0.54701 0.14275 0.14284 0.14028
0 0.67784 0.32358 0.11885 0.20636
