0 0.84289 0.95025 0.11806 0.09798
0 0.82021 0.85572 0.12122 0.23978
0 0.43713 0.36276 0.09953 0.14191
0 0.39056 0.24369 0.17398 0.12581
0 0.40366 0.15828 0.11195 0.10508
0 0.45066 0.90219 0.1062 0.12938
0 0.29438 0.89089 0.14118 0.13671
0 0.52412 0.28665 0.07997 0.13132
0 0.50107 0.56547 0.10489 0.28809
0 0.63363 0.51845 0.07282 0.27544
0 0.556 0.15019 0.13192 0.15815
0 0.71686 0.33786 0.06296 0.09214
0 0.30091 0.68548 0.16585 0.24172
0 0.44982 0.64819 0.10463 0.12726
0 0.71423 0.45256 0.10924 0.10809
0 0.64819 0.13813 0.07679 0.08337
0 0.60787 0.34759 0.12893 0.1443
0 0.67402 0.81274 0.10555 0.2115
0 0.29144 0.94369 0.09615 0.11079
0 0.38047 0.95515 0.10983 0.08806
0 0.5876 0.15057 0.19621 0.15944
0 0.33347 0.26347 0.06098 0.06334
0 0.39492 0.60897 0.09815 0.10149
0 0.53415 0.72516 0.07655 0.06556
0 0.74399 0.68245 0.06076 0.05462
0 0.65008 0.30433 0.04275 0.05954
0 0.61324 0.39188 0.11901 0.23526
0 0.60048 0.43813 0.08954 0.14325
0 0.31791 0.74334 0.12976 0.12446
0 0.32204 0.62913 0.06791 0.1237
0 0.28778 0.63618 0.13625 0.15074
0 0.62316 0.37408 0.14547 0.2711
0 0.60315 0.36839 0.11933 0.10227
0 0.30549 0.63125 0.10107 0.14063
0 0.40911 0.2437 0.13485 0.12549
