0 0.71742 0.33985 0.08341 0.10301
0 0.51287 0.15082 0.19114 0.16343
0 0.5214 0.53054 0.09585 0.29262
0 0.2019 0.6588 0.17221 0.21844
0 0.34374 0.36384 0.08805 0.13563
0 0.70766 0.44684 0.12347 0.14148
0 0.81728 0.96927 0.16211 0.06028
0 0.18228 0.84184 0.15481 0.13081
0 0.76316 0.7163 0.07861 0.0757
0 0.6322 0.32189 0.04581 0.09625
0 0.30728 0.63596 0.08228 0.12294
0 0.48467 0.37606 0.15173 0.27235
0 0.34399 0.20804 0.14695 0.20088
0 0.62817 0.81231 0.1479 0.19841
0 0.24891 0.94477 0.13003 0.10924
0 0.37692 0.16162 0.07844 0.10775
0 0.33323 0.25418 0.12375 0.10883
0 0.45391 0.43975 0.09071 0.14584
0 0.21007 0.88779 0.21072 0.2227
0 0.39521 0.57261 0.098 0.18771
0 0.22387 0.61216 0.09211 0.13746
0 0.46991 0.32918 0.05204 0.08298
0 0.52629 0.83749 0.06756 0.21309
0 0.5233 0.33016 0.07279 0.17989
0 0.30955 0.86679 0.11348 0.14727
0 0.544 0.52811 0.04999 0.28818
0 0.4951 0.9642 0.14283 0.07032
0 0.73818 0.87951 0.16226 0.23618
0 0.3556 0.68886 0.1057 0.08802
0 0.30463 0.87811 0.10224 0.12143
0 0.37628 0.92658 0.09689 0.14538
0 0.59679 0.50737 0.08136 0.14805
0 0.59868 0.34113 0.05618 0.08173
0 0.40747 0.28694 0.08956 0.14379
0 0.39514 0.54682 0.09876 0.24149
0 0.68647 0.44512 0.16665 0.14615
0 0.48868 0.1493 0.14052 0.16024
