0 0.68502 0.32846 0.08534 0.0977
0 0.42132 0.4827 0.12042 0.26917
0 0.72554 0.95122 0.17599 0.09704
0 0.74162 0.69368 0.07922 0.07247
0 0.3763 0.35025 0.16845 0.22491
0 0.67235 0.4283 0.10264 0.13381
0 0.17952 0.70025 0.1235 0.10448
0 0.60557 0.82341 0.12041 0.19653
0 0.36044 0.93577 0.09018 0.07352
0 0.60017 0.58056 0.05955 0.12813
0 0.54797 0.74437 0.15522 0.17006
0 0.59872 0.31095 0.04096 0.08953
0 0.19181 0.90245 0.0743 0.09789
0 0.53717 0.46626 0.1064 0.14341
0 0.31201 0.28661 0.0461 0.09262
0 0.45836 0.96543 0.11319 0.06823
0 0.44804 0.15604 0.14657 0.14715
0 0.23911 0.73897 0.07886 0.08108
0 0.22039 0.7865 0.09994 0.09351
0 0.24271 0.55817 0.21129 0.1802
0 0.33969 0.98379 0.08393 0.03182
0 0.41667 0.18206 0.21023 0.19932
0 0.20274 0.55919 0.13101 0.17531
0 0.32602 0.50599 0.09197 0.15363
0 0.17753 0.9717 0.08842 0.05602
0 0.39224 0.88316 0.14053 0.1147
0 0.36742 0.20294 0.11107 0.15745
0 0.67094 0.83645 0.11718 0.09201
0 0.58732 0.35613 0.07819 0.12949
0 0.4284 0.80359 0.08478 0.081
0 0.70927 0.73943 0.08465 0.08725
0 0.37648 0.88258 0.17269 0.11644
0 0.17938 0.67883 0.12271 0.06163
