0 0.80312 0.44654 0.17226 0.23984
0 0.42906 0.35664 0.11992 0.19926
0 0.24245 0.1192 0.23866 0.23808
0 0.75733 0.24611 0.14762 0.19476
0 0.23333 0.51923 0.17997 0.14076
0 0.29474 0.38631 0.12154 0.10325
0 0.5982 0.86244 0.074 0.12186
0 0.50994 0.14463 0.20647 0.21911
0 0.44852 0.51088 0.10704 0.11715
0 0.4174 0.8866 0.11712 0.12586
0 0.7017 0.06982 0.18681 0.13947
0 0.67075 0.49681 0.10523 0.1241
0 0.5922 0.29334 0.2101 0.13557
0 0.35012 0.19131 0.0837 0.13644
0 0.53885 0.43375 0.08502 0.12374
0 0.6847 0.76308 0.07094 0.1075
0 0.26268 0.69173 0.08806 0.10149
0 0.28521 0.85434 0.13061 0.10917
0 0.74784 0.93404 0.04276 0.09837
0 0.80669 0.66473 0.04655 0.07768
0 0.35315 0.60646 0.1051 0.21147
0 0.65667 0.57698 0.07871 0.10487
0 0.46988 0.9674 0.08764 0.06446
0 0.77417 0.71642 0.08882 0.0743
0 0.39111 0.97159 0.08229 0.05564
0 0.61785 0.71828 0.12433 0.11694
0 0.63412 0.41821 0.09461 0.08449
0 0.82436 0.75748 0.03209 0.10042
0 0.2977 0.34761 0.12671 0.17768
0 0.52212 0.60097 0.10839 0.15279
0 0.30052 0.32636 0.11828 0.13525
0 0.47941 0.71336 0.07094 0.15435
0 0.47343 0.80225 0.13049 0.1735
0 0.34079 0.75356 0.06721 0.11014
0 0.77427 0.69678 0.09037 0.11419
0 0.63638 0.73769 0.08675 0.07721
0 0.73724 0.06773 0.11472 0.13532
0 0.25985 0.77755 0.10232 0.1012
0 0.26738 0.12124 0.28984 0.2419
0 0.75404 0.80657 0.08137 0.13634
0 0.22063 0.76624 0.0598 0.06339
0 0.29646 0.30241 0.10887 0.0877
0 0.35141 0.20631 0.0876 0.16737
