0 0.67989 0.30708 0.20053 0.22785
0 0.47121 0.49635 0.12251 0.25633
0 0.50118 0.30562 0.11302 0.17687
0 0.14176 0.20471 0.04601 0.12505
0 0.50839 0.07686 0.19642 0.1537
0 0.17964 0.11334 0.06478 0.09043
0 0.18526 0.45938 0.05273 0.10993
0 0.37165 0.36823 0.12075 0.11318
0 0.42607 0.76995 0.1428 0.13373
0 0.38514 0.25128 0.16213 0.07644
0 0.22071 0.73612 0.08731 0.09742
0 0.37579 0.12719 0.0949 0.15316
0 0.34345 0.11841 0.15962 0.17174
0 0.22049 0.02688 0.11822 0.05373
0 0.53395 0.7612 0.08225 0.13859
0 0.594 0.54938 0.05992 0.11075
0 0.232 0.57135 0.09474 0.0891
0 0.30402 0.08343 0.07596 0.10263
0 0.63263 0.52981 0.13686 0.1184
0 0.46907 0.91652 0.08158 0.10002
0 0.30048 0.14567 0.09591 0.05645
0 0.3629 0.97189 0.0655 0.05466
0 0.28458 0.38375 0.0909 0.12791
0 0.29028 0.72513 0.12722 0.18183
0 0.24365 0.48482 0.05337 0.06395
0 0.19627 0.21955 0.07433 0.07101
0 0.76072 0.06336 0.09549 0.12657
0 0.2905 0.75616 0.12644 0.12078
0 0.57481 0.04411 0.06503 0.08832
0 0.48544 0.0762 0.13668 0.15204
0 0.27016 0.90104 0.08253 0.13679
0 0.68671 0.7511 0.06625 0.17273
0 0.69976 0.62346 0.06121 0.07519
0 0.29363 0.21561 0.061 0.07412
0 0.27191 0.60112 0.11835 0.17013
0 0.24988 0.31557 0.05662 0.04976
0 0.66508 0.95497 0.0802 0.0882
0 0.46681 0.8205 0.08096 0.10977
0 0.37308 0.92917 0.08842 0.05813
0 0.31995 0.47569 0.07108 0.11023
0 0.40553 0.46929 0.06058 0.10377
0 0.33465 0.85999 0.06567 0.09859
0 0.62554 0.85524 0.07927 0.13232
0 0.69417 0.50219 0.09213 0.08622
0 0.37486 0.59748 0.11184 0.1249
0 0.76067 0.04898 0.09191 0.09743
