0 0.71073 0.43054 0.14882 0.21818
0 0.21305 0.13092 0.26962 0.26181
0 0.66593 0.25343 0.12744 0.17647
0 0.38092 0.35274 0.10721 0.17989
0 0.19292 0.51708 0.16915 0.13072
0 0.54109 0.82065 0.06926 0.11711
0 0.51887 0.29911 0.18735 0.12899
0 0.25386 0.39163 0.11277 0.09479
0 0.39693 0.49979 0.09505 0.10497
0 0.43664 0.1656 0.1735 0.19794
0 0.59095 0.47755 0.10424 0.11139
0 0.25435 0.35488 0.1218 0.16927
0 0.56201 0.41478 0.08315 0.08792
0 0.22353 0.68219 0.08255 0.1032
0 0.22705 0.81308 0.16283 0.16855
0 0.72159 0.97672 0.08771 0.04527
0 0.47517 0.4278 0.07906 0.11429
0 0.42482 0.93476 0.08969 0.0837
0 0.7208 0.63016 0.04316 0.06841
0 0.37549 0.84975 0.10875 0.11079
0 0.22587 0.76461 0.0975 0.10135
0 0.64359 0.07593 0.09591 0.15157
0 0.58752 0.552 0.07259 0.09443
0 0.29974 0.73822 0.06578 0.1096
0 0.30871 0.5849 0.09802 0.17993
0 0.6086 0.07646 0.16516 0.15299
0 0.67807 0.87627 0.0384 0.08716
0 0.24312 0.83477 0.12807 0.12352
0 0.61426 0.7273 0.06462 0.09517
0 0.43325 0.67941 0.06976 0.13803
0 0.57306 0.70354 0.07731 0.06523
0 0.68102 0.75988 0.07466 0.12139
0 0.35274 0.93979 0.07491 0.06883
0 0.42259 0.77492 0.1225 0.16622
0 0.59082 0.0774 0.20138 0.15494
0 0.73909 0.71116 0.02695 0.09175
0 0.69282 0.66015 0.07816 0.09749
0 0.25483 0.33327 0.11743 0.1265
0 0.46031 0.56978 0.09547 0.11414
