0 0.61435 0.05036 0.14464 0.10078
0 0.42749 0.17571 0.14382 0.28698
0 0.27854 0.84709 0.13706 0.15414
0 0.10568 0.20533 0.05811 0.12341
0 0.46669 0.87684 0.07737 0.13068
0 0.58959 0.87207 0.1284 0.13934
0 0.30537 0.06558 0.14586 0.13115
0 0.3437 0.35071 0.09355 0.09127
0 0.54253 0.96469 0.1357 0.06926
0 0.49484 0.49109 0.08742 0.14606
0 0.55569 0.2722 0.06632 0.12122
0 0.41958 0.55819 0.08043 0.11813
0 0.20811 0.72055 0.09136 0.14303
0 0.45344 0.03706 0.09741 0.07385
0 0.17137 0.26961 0.05934 0.08138
0 0.64884 0.79618 0.09337 0.11489
0 0.2186 0.36096 0.10853 0.20619
0 0.6471 0.57338 0.06695 0.16717
0 0.58168 0.30639 0.14983 0.19715
0 0.42474 0.66519 0.08841 0.11712
0 0.25657 0.19998 0.08067 0.11727
0 0.2795 0.62615 0.08405 0.09768
0 0.22803 0.54628 0.14678 0.14298
0 0.37482 0.5175 0.15041 0.14045
0 0.20589 0.1459 0.08333 0.15854
0 0.53414 0.71708 0.06161 0.11149
0 0.22156 0.95834 0.09294 0.08173
0 0.14983 0.53015 0.09604 0.11483
0 0.30509 0.97126 0.09437 0.0563
0 0.20261 0.52221 0.19877 0.19433
0 0.63007 0.79147 0.13144 0.12386
