0 0.35428 0.76253 0.17532 0.17796
0 0.19704 0.40557 0.18915 0.16364
0 0.77539 0.64685 0.14874 0.17299
0 0.40189 0.44162 0.09863 0.13754
0 0.69981 0.88997 0.14149 0.13777
0 0.71787 0.08183 0.19412 0.16171
0 0.36486 0.21098 0.18638 0.20017
0 0.47593 0.0805 0.11817 0.13065
0 0.26543 0.13515 0.12136 0.26699
0 0.70242 0.24043 0.12525 0.1765
0 0.2235 0.84204 0.15359 0.31288
0 0.50111 0.31558 0.11588 0.12694
0 0.60592 0.31886 0.10585 0.17057
0 0.21764 0.8748 0.1383 0.24311
0 0.38164 0.9425 0.10682 0.11316
0 0.16966 0.1404 0.08527 0.10141
0 0.28618 0.3567 0.15124 0.24608
0 0.6647 0.74395 0.08716 0.15644
0 0.74542 0.75736 0.11967 0.14365
0 0.29222 0.61763 0.16465 0.23397
0 0.60668 0.47549 0.11186 0.15838
0 0.18766 0.04354 0.0604 0.08682
0 0.51765 0.90416 0.11318 0.14735
0 0.34757 0.11457 0.11839 0.04215
0 0.73785 0.08168 0.23604 0.16324
0 0.7602 0.21899 0.13872 0.14835
0 0.23399 0.74571 0.09587 0.12339
0 0.53423 0.90459 0.07961 0.14428
0 0.19556 0.69481 0.08245 0.06365
0 0.55361 0.42211 0.08337 0.15777
0 0.23112 0.09277 0.07803 0.10559
0 0.75757 0.02074 0.08028 0.04168
0 0.26506 0.16921 0.11866 0.19863
0 0.19396 0.24888 0.08401 0.10338
0 0.78402 0.23972 0.09096 0.10712
0 0.41016 0.6227 0.13042 0.05947
0 0.58421 0.24373 0.09098 0.07945
0 0.58219 0.76566 0.10159 0.09981
0 0.66094 0.94671 0.10012 0.10523
0 0.3797 0.91941 0.11087 0.15916
