0 0.50149 0.20712 0.0813 0.16425
0 0.74124 0.77895 0.14414 0.1054
0 0.10812 0.5294 0.21245 0.18409
0 0.74535 0.20258 0.08576 0.14966
0 0.40789 0.86485 0.21404 0.24192
0 0.71811 0.28825 0.07453 0.14894
0 0.55662 0.90273 0.09239 0.1579
0 0.71523 0.433 0.06438 0.15585
0 0.62112 0.31218 0.12567 0.14025
0 0.69125 0.89992 0.14935 0.19836
0 0.09496 0.9201 0.15112 0.10505
0 0.41301 0.13346 0.11685 0.04901
0 0.43275 0.56011 0.08697 0.1172
0 0.30246 0.23824 0.17929 0.20737
0 0.29673 0.75571 0.14888 0.2129
0 0.26799 0.04886 0.10582 0.0943
0 0.69761 0.01341 0.08899 0.02659
0 0.57057 0.73853 0.11839 0.10231
0 0.49182 0.40812 0.09277 0.11695
0 0.53315 0.0841 0.07273 0.13036
0 0.66389 0.21466 0.11167 0.10494
0 0.36507 0.04974 0.09423 0.09638
0 0.65258 0.6748 0.13637 0.10979
0 0.03186 0.11897 0.06293 0.14613
0 0.43182 0.67828 0.1476 0.10697
0 0.19159 0.93618 0.12281 0.1253
0 0.21926 0.13554 0.08474 0.14248
0 0.16827 0.75814 0.10513 0.1244
0 0.12021 0.24861 0.16217 0.18749
0 0.32945 0.56306 0.16592 0.17032
0 0.12013 0.79073 0.07721 0.14373
0 0.50666 0.56423 0.05582 0.12301
0 0.60741 0.05608 0.09308 0.11161
0 0.70877 0.62907 0.12953 0.09899
0 0.66148 0.23014 0.10861 0.07262
0 0.12092 0.21762 0.16207 0.12529
0 0.03276 0.09661 0.06505 0.19076
0 0.67397 0.41054 0.03532 0.13302
0 0.15751 0.34871 0.07295 0.13354
0 0.59456 0.52346 0.12372 0.16939
0 0.36534 0.60041 0.0961 0.0958
0 0.14045 0.02574 0.09365 0.05111
0 0.73719 0.63752 0.18322 0.11933
0 0.20135 0.15544 0.12189 0.18198
0 0.14805 0.34716 0.17259 0.13913
0 0.49955 0.4083 0.07355 0.10945
0 0.36772 0.31544 0.07943 0.12601
0 0.14975 0.78236 0.13537 0.16228
0 0.70262 0.4315 0.09011 0.15986
0 0.29634 0.73194 0.1499 0.26078
0 0.08446 0.49911 0.15303 0.12364
0 0.70197 0.95031 0.12825 0.09749
0 0.79246 0.65812 0.07258 0.07833
0 0.78847 0.64167 0.08048 0.11178
0 0.6114 0.30537 0.14845 0.15293
