0 0.78719 0.1864 0.14151 0.25545
0 0.24422 0.23856 0.20863 0.13116
0 0.24131 0.65773 0.21223 0.18613
0 0.56148 0.40667 0.08278 0.17606
0 0.69053 0.29101 0.1001 0.11433
0 0.41156 0.92122 0.18424 0.15615
0 0.62701 0.6286 0.08284 0.12497
0 0.37755 0.51787 0.09516 0.1295
0 0.52323 0.74437 0.12237 0.11292
0 0.51267 0.5685 0.16581 0.3087
0 0.71851 0.95463 0.1341 0.08935
0 0.54807 0.03151 0.06944 0.06297
0 0.48711 0.22609 0.10288 0.11917
0 0.47942 0.07426 0.12134 0.1137
0 0.24331 0.62575 0.21632 0.2534
0 0.53426 0.56793 0.12294 0.30702
0 0.74544 0.84085 0.09908 0.07857
0 0.69393 0.51418 0.07396 0.12195
0 0.37196 0.33018 0.10209 0.18224
0 0.36291 0.04068 0.10338 0.08098
0 0.70381 0.41231 0.05759 0.09855
0 0.33227 0.05982 0.16183 0.11939
0 0.64281 0.15609 0.10547 0.11643
0 0.29812 0.05898 0.09363 0.11767
0 0.27612 0.45968 0.09766 0.12531
0 0.72184 0.05675 0.0893 0.11289
0 0.27584 0.56743 0.11652 0.13537
0 0.65832 0.40245 0.05101 0.05481
0 0.62667 0.90346 0.07725 0.09784
0 0.25625 0.15314 0.08301 0.06905
0 0.58007 0.79773 0.13658 0.15792
0 0.27297 0.47723 0.10499 0.16082
0 0.28166 0.79651 0.14702 0.10538
0 0.63083 0.02242 0.11112 0.04444
0 0.61127 0.97288 0.12454 0.05289
0 0.57519 0.25879 0.06533 0.08329
0 0.7691 0.67878 0.06469 0.10218
0 0.66433 0.48527 0.07911 0.06746
0 0.19178 0.11804 0.04131 0.16258
0 0.48347 0.59971 0.11351 0.19974
0 0.76337 0.56324 0.07866 0.11181
0 0.54119 0.16687 0.08189 0.12173
0 0.67475 0.25034 0.10298 0.15345
0 0.52489 0.16665 0.11624 0.12383
0 0.67714 0.22511 0.09801 0.10295
