0 0.807813 0.800000 0.159375 0.000833
0 0.786719 0.115605 0.101560 0.114583
0 0.051563 0.447917 0.175000 0.005000
0 0.765605 0.005000 0.131050 0.145833
0 0.687500 0.096875 0.056050 0.100083
0 0.371875 0.198958 0.093750 0.143750
0 0.540188 0.844790 0.196875 0.006050
0 0.371875 0.054167 0.140605 0.104167
0 0.314063 0.951040 0.084375 0.093750
0 0.534375 0.390605 0.109375 0.093750
0 0.508594 0.036458 0.139063 0.068750
0 0.690605 0.884375 0.100000 0.156050
0 0.046875 0.609375 0.150000 0.100917
0 0.608105 0.093750 0.096875 0.166667
0 0.634375 0.590605 0.165605 0.177083
0 0.800344 0.470917 0.079687 0.058333
0 0.515605 0.038540 0.101875 0.160417
0 0.504687 0.143750 0.068750 0.100833
0 0.403105 0.375000 0.056050 0.166667
0 0.086719 0.710500 0.085938 0.105000
0 0.409375 0.950000 0.087500 0.091667
0 0.431050 0.450083 0.078105 0.175000
0 0.083594 0.879167 0.085938 0.087500
0 0.393750 0.508105 0.131050 0.156050
