0 0.82905 0.83741 0.19282 0.24096
0 0.21843 0.80931 0.09697 0.15448
0 0.76417 0.12458 0.0854 0.1015
0 0.82235 0.52645 0.08482 0.08258
0 0.50545 0.23832 0.11931 0.27439
0 0.73082 0.97046 0.10908 0.05758
0 0.70519 0.58397 0.12252 0.23103
0 0.47408 0.09829 0.15532 0.19622
0 0.25234 0.48288 0.17916 0.1124
0 0.24399 0.68305 0.08438 0.10164
0 0.51335 0.81291 0.18928 0.11619
0 0.75146 0.23453 0.11259 0.14517
0 0.44404 0.66254 0.19328 0.16568
0 0.40788 0.78632 0.0955 0.0801
0 0.26073 0.33769 0.14235 0.18354
0 0.31318 0.2876 0.04916 0.12497
0 0.67505 0.10331 0.04156 0.09536
0 0.67909 0.86454 0.12698 0.18603
0 0.24014 0.8997 0.10831 0.09411
0 0.34199 0.95056 0.09704 0.09751
0 0.57332 0.94591 0.15473 0.10663
0 0.57333 0.45129 0.10797 0.07161
0 0.27226 0.56477 0.1163 0.09239
0 0.3774 0.10266 0.05582 0.10609
0 0.39511 0.03182 0.03172 0.0635
0 0.61852 0.54553 0.14843 0.1831
0 0.68144 0.37663 0.05856 0.11655
0 0.4061 0.25132 0.0962 0.16795
0 0.64487 0.11335 0.03984 0.06265
0 0.27956 0.95618 0.06353 0.08589
0 0.62507 0.25072 0.08519 0.10911
0 0.76171 0.63499 0.14216 0.13303
0 0.37824 0.37097 0.10204 0.05412
0 0.39764 0.56813 0.08051 0.08305
0 0.66301 0.14834 0.07673 0.1843
0 0.29639 0.76473 0.06848 0.10042
0 0.27528 0.31518 0.05251 0.11308
0 0.37334 0.95035 0.16002 0.09781
0 0.6536 0.7718 0.14576 0.12278
0 0.50339 0.5266 0.13142 0.12294
0 0.66085 0.10426 0.06996 0.0971
0 0.50465 0.27013 0.1171 0.20949
0 0.24699 0.32152 0.11411 0.15154
