0 0.84882 0.9393 0.18096 0.11992
0 0.80765 0.79296 0.17993 0.22303
0 0.41389 0.88837 0.1104 0.18924
0 0.42192 0.07362 0.09088 0.12825
0 0.31258 0.89276 0.10412 0.10294
0 0.57333 0.09526 0.10964 0.18966
0 0.59904 0.2096 0.07178 0.21268
0 0.41628 0.51282 0.09699 0.07501
0 0.68861 0.25273 0.11249 0.13665
0 0.69778 0.15827 0.06148 0.09098
0 0.28816 0.96999 0.11772 0.05858
0 0.30349 0.63118 0.13669 0.20319
0 0.2841 0.32775 0.14382 0.2243
0 0.3707 0.74023 0.0774 0.13276
0 0.63335 0.12567 0.03963 0.08641
0 0.30971 0.30024 0.06207 0.13042
0 0.53612 0.68644 0.18408 0.16697
0 0.60871 0.81844 0.2354 0.13575
0 0.62868 0.45191 0.0958 0.17184
0 0.4827 0.1808 0.07251 0.10145
0 0.74876 0.56253 0.17005 0.23793
0 0.57471 0.94379 0.06808 0.11087
0 0.4815 0.25046 0.07989 0.23971
0 0.28249 0.51039 0.12179 0.11889
0 0.47945 0.28907 0.0687 0.16137
0 0.70301 0.93562 0.16818 0.1271
0 0.68783 0.95302 0.13883 0.09201
0 0.46387 0.98074 0.07741 0.03683
0 0.41973 0.27455 0.09288 0.14471
0 0.40407 0.15322 0.07331 0.08199
0 0.73869 0.93315 0.09736 0.12236
0 0.49651 0.90759 0.0971 0.12027
0 0.78965 0.51771 0.08837 0.14928
0 0.34565 0.63131 0.22102 0.20394
0 0.61767 0.1319 0.07137 0.09771
0 0.6121 0.44166 0.13243 0.19488
0 0.58804 0.85722 0.27685 0.21497
0 0.26606 0.30629 0.10632 0.18192
0 0.8671 0.93968 0.14293 0.11875
