0 0.5103 0.13465 0.08248 0.12363
0 0.93753 0.57568 0.12363 0.11918
0 0.456 0.89464 0.17686 0.19615
0 0.30581 0.86551 0.12366 0.11728
0 0.55895 0.46314 0.08777 0.1152
0 0.45768 0.59129 0.10004 0.13704
0 0.69504 0.49132 0.09435 0.09331
0 0.47777 0.50624 0.08959 0.1272
0 0.74801 0.75003 0.16761 0.12185
0 0.79845 0.54303 0.14611 0.17869
0 0.31423 0.71292 0.09613 0.19142
0 0.72277 0.89906 0.07894 0.14002
0 0.6728 0.55644 0.10189 0.09998
0 0.651 0.87886 0.09567 0.16448
0 0.37562 0.48039 0.11332 0.08511
0 0.52623 0.74684 0.0946 0.09855
0 0.55695 0.2762 0.08002 0.07422
0 0.54703 0.21831 0.11181 0.05373
0 0.89828 0.66426 0.05863 0.08295
0 0.57352 0.56774 0.06777 0.12125
0 0.57957 0.67153 0.0959 0.1166
0 0.80614 0.51704 0.12912 0.12734
0 0.82041 0.70666 0.07457 0.08571
0 0.40047 0.28247 0.08231 0.0742
0 0.46506 0.67968 0.10729 0.08405
0 0.53186 0.34623 0.0926 0.09036
0 0.60251 0.94572 0.06038 0.10689
0 0.45554 0.0796 0.02723 0.09078
0 0.79813 0.94008 0.08575 0.11797
0 0.5671 0.80816 0.08277 0.15054
0 0.78512 0.57515 0.11087 0.11532
0 0.78982 0.70373 0.13582 0.09265
0 0.36334 0.3547 0.05897 0.08061
0 0.75634 0.8218 0.08153 0.10184
0 0.34783 0.48044 0.05766 0.08391
0 0.41165 0.88431 0.08912 0.16542
0 0.38611 0.73976 0.092 0.1171
0 0.79299 0.85001 0.07776 0.08108
0 0.67644 0.7391 0.09036 0.09857
