0 0.39185 0.30116 0.10912 0.17725
0 0.19676 0.37658 0.09233 0.11023
0 0.16995 0.51945 0.10385 0.14117
0 0.06998 0.91671 0.13939 0.12526
0 0.54736 0.64232 0.09748 0.12734
0 0.31093 0.36041 0.09404 0.14414
0 0.05294 0.57083 0.10471 0.13765
0 0.31458 0.5209 0.13129 0.16581
0 0.04556 0.65128 0.09063 0.15302
0 0.24873 0.92323 0.11259 0.15049
0 0.41876 0.50334 0.09014 0.14646
0 0.45258 0.26726 0.05778 0.06667
0 0.36585 0.22086 0.14584 0.07719
0 0.49214 0.34421 0.08773 0.04855
0 0.26579 0.12838 0.05889 0.12306
0 0.22216 0.67781 0.11639 0.07347
0 0.42997 0.6483 0.13403 0.20017
0 0.30555 0.63759 0.10258 0.12467
0 0.25312 0.2619 0.0544 0.06665
0 0.24897 0.0716 0.0537 0.1115
0 0.47847 0.5231 0.04316 0.10924
0 0.61983 0.94024 0.13807 0.11769
0 0.51569 0.45845 0.04206 0.05584
0 0.07764 0.5539 0.15421 0.1714
0 0.63234 0.69162 0.0622 0.09815
0 0.41686 0.62908 0.10725 0.16193
0 0.62117 0.7892 0.21879 0.13583
0 0.31888 0.50244 0.11823 0.12839
