0 0.3114 0.23639 0.15659 0.15085
0 0.79072 0.22523 0.09251 0.09462
0 0.10729 0.51666 0.0839 0.11709
0 0.70143 0.227 0.08876 0.12896
0 0.69757 0.06093 0.18244 0.12161
0 0.60938 0.75254 0.17399 0.16459
0 0.15516 0.23701 0.09138 0.10818
0 0.24053 0.71991 0.15833 0.17064
0 0.36811 0.62032 0.07474 0.12876
0 0.28587 0.06818 0.08321 0.11153
0 0.81763 0.49641 0.07348 0.10758
0 0.5829 0.58159 0.15094 0.17705
0 0.22348 0.55873 0.18729 0.18994
0 0.48868 0.29048 0.08714 0.13339
0 0.49475 0.64543 0.12953 0.19445
0 0.53343 0.39952 0.08956 0.1098
0 0.12331 0.05698 0.06226 0.11373
0 0.79715 0.58801 0.07157 0.08783
0 0.18877 0.46606 0.08481 0.08285
0 0.19923 0.05164 0.08562 0.1031
0 0.23393 0.18477 0.09316 0.09342
0 0.72591 0.39184 0.07933 0.1125
0 0.4348 0.06133 0.12492 0.12209
0 0.43245 0.26647 0.0842 0.11866
0 0.53279 0.03595 0.10043 0.07174
0 0.62582 0.89255 0.16034 0.1522
0 0.43358 0.39919 0.05122 0.10213
0 0.08496 0.90414 0.08007 0.12652
0 0.82259 0.34443 0.0708 0.09706
0 0.51851 0.87151 0.07771 0.10067
0 0.23432 0.2118 0.09441 0.14608
0 0.27349 0.85211 0.07048 0.1143
0 0.67386 0.56302 0.05624 0.12814
0 0.36018 0.45576 0.10511 0.08973
0 0.23366 0.35093 0.22388 0.14245
0 0.43219 0.55933 0.09654 0.13509
0 0.21477 0.83166 0.09364 0.12797
0 0.67118 0.0619 0.12714 0.11733
0 0.78662 0.37976 0.06534 0.10073
0 0.71745 0.54948 0.04498 0.08555
0 0.47399 0.48163 0.10109 0.11319
0 0.35483 0.91366 0.06082 0.11792
0 0.62116 0.423 0.06822 0.1035
0 0.59857 0.89637 0.10586 0.12702
0 0.1182 0.04376 0.05155 0.08712
0 0.75461 0.81157 0.04475 0.08538
0 0.74691 0.93887 0.04384 0.09682
0 0.80625 0.36247 0.10288 0.13315
0 0.17907 0.34784 0.11537 0.13979
0 0.61958 0.18811 0.06368 0.08732
0 0.60106 0.58199 0.095 0.17405
0 0.24635 0.36494 0.20027 0.10652
0 0.56483 0.32157 0.09015 0.11017
0 0.72117 0.11898 0.0704 0.05445
0 0.16178 0.35036 0.08204 0.13581
