0 0.22784 0.5473 0.16447 0.16792
0 0.32297 0.31848 0.20001 0.27304
0 0.56603 0.53922 0.17668 0.20965
0 0.31918 0.15809 0.15553 0.15217
0 0.26128 0.69616 0.13767 0.15272
0 0.60818 0.18572 0.08991 0.14744
0 0.58382 0.68654 0.08226 0.12168
0 0.39341 0.62596 0.1189 0.1161
0 0.27253 0.81348 0.10286 0.07924
0 0.33969 0.73038 0.10848 0.11941
0 0.73418 0.56778 0.07117 0.14443
0 0.55052 0.94981 0.08577 0.09811
0 0.69553 0.34774 0.12054 0.14049
0 0.41907 0.48446 0.12055 0.18665
0 0.82427 0.26312 0.14181 0.23899
0 0.36814 0.92301 0.11272 0.06656
0 0.28281 0.39549 0.14814 0.14949
0 0.21589 0.02678 0.05308 0.05339
0 0.51225 0.89367 0.0635 0.07919
0 0.70418 0.21903 0.13064 0.13569
0 0.61977 0.7575 0.06856 0.10268
0 0.65558 0.66189 0.07476 0.1306
0 0.66237 0.80631 0.06318 0.10844
0 0.24427 0.02711 0.11087 0.05401
0 0.4865 0.37088 0.09963 0.12555
0 0.58989 0.39932 0.1151 0.10156
0 0.62959 0.97559 0.05187 0.04697
0 0.62489 0.9653 0.06128 0.06722
0 0.68959 0.85947 0.09434 0.07601
0 0.81653 0.34103 0.09359 0.08625
0 0.50475 0.14025 0.03433 0.12488
0 0.82619 0.22114 0.13726 0.15469
0 0.40712 0.78296 0.10908 0.03189
0 0.69318 0.62555 0.05669 0.11105
0 0.75992 0.92313 0.04982 0.09972
0 0.83825 0.03109 0.14845 0.04426
0 0.50843 0.4175 0.15022 0.13138
0 0.43449 0.97572 0.04914 0.04648
0 0.82283 0.03202 0.17951 0.04748
0 0.56252 0.83011 0.08404 0.11846
0 0.46404 0.14891 0.05952 0.15149
0 0.73651 0.25415 0.19547 0.20519
0 0.73085 0.01821 0.14429 0.03651
