0 0.12674 0.10733 0.09061 0.11396
0 0.33003 0.29775 0.20326 0.19957
0 0.77413 0.82719 0.12173 0.20162
0 0.16054 0.36247 0.12179 0.15566
0 0.79841 0.55889 0.12977 0.14705
0 0.43939 0.18912 0.11137 0.1825
0 0.69749 0.66515 0.16729 0.19065
0 0.24796 0.95143 0.07139 0.09547
0 0.61296 0.85868 0.10226 0.24639
0 0.21131 0.13009 0.1383 0.17004
0 0.59471 0.14372 0.07734 0.17126
0 0.37689 0.09076 0.188 0.181
0 0.68342 0.11452 0.08167 0.12516
0 0.7473 0.37118 0.17012 0.25597
0 0.64415 0.48526 0.08552 0.11751
0 0.78649 0.05066 0.1197 0.10107
0 0.35703 0.92451 0.13818 0.14921
0 0.23321 0.65475 0.09309 0.19151
0 0.64414 0.57094 0.0755 0.12859
0 0.63818 0.36178 0.10328 0.11501
0 0.36925 0.76034 0.12183 0.18124
0 0.44096 0.44793 0.11087 0.14001
0 0.71257 0.3099 0.10132 0.15539
0 0.54575 0.47101 0.11397 0.13135
0 0.62543 0.18539 0.08888 0.18009
0 0.35615 0.57504 0.06931 0.16095
0 0.24735 0.48047 0.08292 0.1214
0 0.78739 0.69003 0.0756 0.09764
0 0.49458 0.30348 0.08032 0.0995
0 0.53078 0.95708 0.08957 0.08429
0 0.23715 0.35528 0.05166 0.09485
0 0.73958 0.15504 0.08942 0.16511
0 0.69736 0.30956 0.13298 0.16028
0 0.73266 0.41717 0.13453 0.16491
0 0.50927 0.72931 0.06251 0.1471
0 0.48058 0.75439 0.12104 0.19564
0 0.22666 0.03125 0.10131 0.06185
0 0.3689 0.80552 0.12269 0.27842
0 0.23173 0.11492 0.17934 0.20123
