0 0.18211 0.87034 0.10729 0.11523
0 0.36054 0.76931 0.1486 0.2306
0 0.40321 0.31994 0.077 0.09418
0 0.24974 0.09995 0.06827 0.10148
0 0.14927 0.68808 0.07884 0.08525
0 0.316 0.90944 0.14497 0.1729
0 0.58696 0.55497 0.07577 0.12698
0 0.5766 0.1067 0.05769 0.09026
0 0.41874 0.92804 0.07989 0.11168
0 0.42348 0.66179 0.10905 0.23285
0 0.58069 0.97513 0.06571 0.04842
0 0.52367 0.33013 0.10837 0.05143
0 0.23143 0.48828 0.07361 0.10152
0 0.28927 0.13151 0.05109 0.10331
0 0.67478 0.44654 0.08353 0.12827
0 0.24341 0.67338 0.06807 0.08221
0 0.45187 0.25888 0.05273 0.05472
0 0.38654 0.51833 0.07234 0.10781
0 0.42628 0.17267 0.11835 0.08754
0 0.59989 0.73717 0.06188 0.08719
0 0.26898 0.33384 0.05756 0.07647
0 0.47856 0.3276 0.07882 0.09178
0 0.18055 0.59142 0.05554 0.10636
0 0.71933 0.97777 0.07047 0.04272
0 0.37339 0.43413 0.07333 0.06543
0 0.20573 0.62474 0.06299 0.08396
0 0.28384 0.27445 0.09892 0.09327
0 0.54714 0.7704 0.09658 0.12036
0 0.22972 0.22202 0.05841 0.07964
0 0.60877 0.6358 0.08049 0.0917
0 0.34982 0.12686 0.04956 0.05847
0 0.26506 0.11624 0.09902 0.13424
0 0.66807 0.64429 0.06295 0.1044
0 0.27108 0.60611 0.08762 0.10596
0 0.53258 0.88408 0.05264 0.12366
0 0.45169 0.53865 0.07307 0.11146
0 0.20205 0.7759 0.06967 0.11083
0 0.56886 0.25298 0.06719 0.05199
0 0.51096 0.66005 0.04056 0.06265
0 0.55208 0.19203 0.05909 0.07016
0 0.65477 0.72952 0.05979 0.10499
0 0.24008 0.48835 0.05595 0.1003
