0 0.3241 0.56533 0.11578 0.0953
0 0.2897 0.74962 0.12779 0.17068
0 0.53381 0.51405 0.11811 0.14182
0 0.80738 0.94735 0.14002 0.10467
0 0.86174 0.0305 0.06481 0.06104
0 0.2591 0.43097 0.09536 0.16904
0 0.68725 0.77188 0.08386 0.11464
0 0.48247 0.68673 0.11223 0.11304
0 0.80583 0.35836 0.10582 0.09677
0 0.59087 0.11011 0.08715 0.10231
0 0.40678 0.21191 0.07109 0.10167
0 0.94819 0.67064 0.0556 0.11315
0 0.42688 0.527 0.07992 0.11178
0 0.81233 0.26215 0.16324 0.13287
0 0.82875 0.77703 0.10964 0.09636
0 0.70966 0.85382 0.0726 0.08992
0 0.22114 0.6968 0.0936 0.10399
0 0.33915 0.26136 0.09974 0.12192
0 0.8554 0.23728 0.0783 0.08406
0 0.23171 0.07312 0.13802 0.14621
0 0.46063 0.13362 0.06434 0.09349
0 0.9487 0.65816 0.05864 0.14271
0 0.53941 0.40738 0.12009 0.08628
0 0.49254 0.08796 0.10039 0.1564
0 0.55755 0.61194 0.10923 0.10685
0 0.77066 0.599 0.09141 0.07435
0 0.39406 0.11353 0.08158 0.13655
0 0.70018 0.39903 0.11354 0.12865
0 0.37896 0.72872 0.06717 0.08769
0 0.56353 0.2298 0.13445 0.14627
0 0.61463 0.3049 0.079 0.12329
0 0.92606 0.42451 0.03755 0.09677
0 0.49152 0.31975 0.11371 0.07603
0 0.73167 0.50009 0.11451 0.11183
0 0.24909 0.20869 0.07536 0.04898
0 0.32903 0.15209 0.052 0.07895
0 0.63786 0.59751 0.06568 0.11629
0 0.6105 0.04175 0.06801 0.07868
0 0.48195 0.88679 0.08103 0.16754
0 0.66969 0.32008 0.11116 0.17328
0 0.19646 0.08574 0.05813 0.09206
0 0.29373 0.24279 0.03638 0.10052
0 0.97249 0.8788 0.05488 0.18013
0 0.64631 0.89915 0.05135 0.08691
0 0.19986 0.03398 0.07813 0.06812
0 0.66889 0.06498 0.06237 0.0751
0 0.69283 0.41089 0.09649 0.10138
0 0.70534 0.72822 0.1175 0.06607
0 0.77231 0.94696 0.06888 0.10364
0 0.80914 0.52421 0.11058 0.10397
0 0.26097 0.56404 0.07479 0.10153
0 0.49653 0.60908 0.06548 0.08166
0 0.84548 0.87013 0.07922 0.10514
0 0.38502 0.63968 0.08232 0.11528
0 0.77686 0.69093 0.03455 0.08654
0 0.73174 0.5103 0.11393 0.09096
0 0.97317 0.85823 0.05347 0.13678
0 0.78283 0.27732 0.10404 0.10297
0 0.4799 0.87239 0.07636 0.13805
0 0.84376 0.77777 0.07733 0.09268
0 0.48251 0.58986 0.09361 0.11961
0 0.57055 0.96179 0.07719 0.07556
0 0.65065 0.3185 0.14889 0.1765
0 0.82985 0.94964 0.0939 0.09955
