0 0.607031 0.256250 0.064062 0.108333
0 0.384375 0.490625 0.190625 0.181250
0 0.795312 0.770833 0.103125 0.087500
0 0.234375 0.402083 0.171875 0.158333
0 0.493750 0.256250 0.081250 0.108333
0 0.553906 0.114583 0.051562 0.095833
0 0.407031 0.340625 0.126562 0.106250
0 0.746094 0.439583 0.110937 0.120833
0 0.658594 0.343750 0.101562 0.133333
0 0.151562 0.567708 0.131250 0.093750
0 0.628906 0.450000 0.101562 0.045833
0 0.512500 0.745833 0.100000 0.158333
0 0.592187 0.856250 0.118750 0.137500
0 0.486719 0.897917 0.098437 0.104167
0 0.145313 0.977083 0.078125 0.041667
0 0.377344 0.138542 0.020313 0.110417
0 0.495312 0.118750 0.068750 0.129167
0 0.248438 0.555208 0.078125 0.193750
0 0.322656 0.786458 0.101562 0.210417
0 0.213281 0.895833 0.085938 0.087500
0 0.755469 0.597917 0.107813 0.066667
0 0.175781 0.792708 0.054688 0.102083
0 0.634375 0.979167 0.068750 0.037500
0 0.491406 0.419792 0.120313 0.085417
0 0.715625 0.512500 0.125000 0.070833
0 0.640625 0.734375 0.109375 0.106250
0 0.547656 0.304167 0.079687 0.062500
0 0.761719 0.871875 0.092188 0.135417
0 0.227344 0.890625 0.057813 0.077083
0 0.445312 0.182292 0.103125 0.110417
0 0.695312 0.765625 0.059375 0.081250
0 0.470313 0.575000 0.075000 0.108333
0 0.741406 0.952083 0.082812 0.091667
0 0.769531 0.841667 0.079687 0.070833
0 0.304688 0.944792 0.112500 0.089583
0 0.373437 0.267708 0.090625 0.127083
0 0.177344 0.777083 0.057813 0.137500
