0 0.58613 0.23396 0.09603 0.09882
0 0.7535 0.25267 0.08941 0.0932
0 0.35456 0.12181 0.07709 0.11848
0 0.77164 0.79139 0.08397 0.10292
0 0.23252 0.12808 0.10052 0.11179
0 0.24825 0.78479 0.15522 0.15595
0 0.18396 0.41832 0.1342 0.18624
0 0.71513 0.71057 0.08119 0.09907
0 0.78625 0.15192 0.11086 0.0507
0 0.32537 0.3251 0.10326 0.17756
0 0.75366 0.35087 0.10503 0.11284
0 0.59376 0.90488 0.17596 0.18897
0 0.60598 0.05793 0.07825 0.11134
0 0.17194 0.51619 0.09292 0.12283
0 0.63701 0.79001 0.12169 0.17063
0 0.28398 0.09248 0.07059 0.10755
0 0.70364 0.85477 0.09564 0.14409
0 0.26164 0.92391 0.10935 0.09347
0 0.6367 0.45518 0.14498 0.15976
0 0.63627 0.1751 0.09448 0.0752
0 0.76277 0.44015 0.13795 0.15281
0 0.39634 0.03633 0.06312 0.07254
0 0.36498 0.78121 0.09222 0.10611
0 0.38154 0.8668 0.11766 0.05012
0 0.14101 0.02754 0.06656 0.05485
0 0.28618 0.59775 0.10004 0.10654
0 0.55061 0.7186 0.08266 0.19289
0 0.33255 0.98177 0.04054 0.03478
0 0.37179 0.5776 0.08066 0.04989
0 0.63278 0.95022 0.09764 0.09824
0 0.40382 0.70445 0.09856 0.08357
0 0.62111 0.31995 0.06156 0.09522
0 0.5224 0.11262 0.07336 0.0922
0 0.53356 0.54027 0.12611 0.1817
0 0.23014 0.62526 0.10459 0.09726
0 0.32446 0.2427 0.07632 0.08348
0 0.39312 0.35368 0.07672 0.07156
0 0.24511 0.36707 0.08063 0.11322
0 0.56439 0.88569 0.11654 0.1502
0 0.45459 0.81454 0.0356 0.15345
0 0.66964 0.10304 0.06437 0.09757
0 0.66949 0.76276 0.06133 0.11393
0 0.61557 0.79101 0.07911 0.16574
0 0.52407 0.03667 0.10683 0.0728
0 0.15579 0.0925 0.0669 0.05947
0 0.28541 0.5188 0.10027 0.1007
0 0.6551 0.48073 0.10869 0.10736
0 0.26219 0.91074 0.11149 0.12021
