0 0.41024 0.36754 0.10977 0.19646
0 0.66429 0.13338 0.07909 0.08196
0 0.36236 0.52289 0.14597 0.08661
0 0.23005 0.17972 0.06449 0.09679
0 0.62791 0.20102 0.07434 0.10119
0 0.40056 0.80282 0.12588 0.18404
0 0.47439 0.05534 0.06331 0.10999
0 0.50655 0.30104 0.06105 0.09758
0 0.26214 0.30045 0.07088 0.06379
0 0.60018 0.84043 0.11296 0.12627
0 0.74672 0.71997 0.06518 0.09816
0 0.67209 0.6619 0.14799 0.11433
0 0.34002 0.20453 0.04507 0.0851
0 0.58807 0.27793 0.09605 0.13972
0 0.67951 0.96675 0.05711 0.06539
0 0.27565 0.7142 0.05875 0.06496
0 0.73046 0.33053 0.06883 0.04335
0 0.76635 0.82581 0.07504 0.09136
0 0.40385 0.07763 0.06014 0.08479
0 0.28773 0.43031 0.04061 0.07963
0 0.73801 0.93414 0.06296 0.09664
0 0.52418 0.44392 0.07447 0.07986
0 0.28895 0.61877 0.0446 0.07954
0 0.40182 0.06249 0.06439 0.11682
0 0.70442 0.50475 0.09252 0.07725
0 0.59996 0.1284 0.05611 0.07331
0 0.53274 0.70287 0.07351 0.09995
0 0.33816 0.85371 0.05512 0.07976
0 0.65908 0.45475 0.07308 0.12536
0 0.57603 0.84799 0.06465 0.11068
0 0.31254 0.37036 0.0806 0.04257
0 0.42559 0.67027 0.09459 0.13684
0 0.46576 0.55157 0.05646 0.08295
0 0.65302 0.3475 0.05807 0.08383
0 0.48511 0.50846 0.08792 0.0608
0 0.6193 0.8295 0.06851 0.10201
0 0.54733 0.60199 0.07027 0.10474
0 0.53479 0.35851 0.06121 0.08678
0 0.69431 0.21942 0.06299 0.05166
0 0.4971 0.24232 0.05342 0.0556
0 0.64025 0.58613 0.08736 0.11135
0 0.33927 0.69467 0.0939 0.07187
0 0.39654 0.03886 0.05241 0.07263
0 0.53051 0.6865 0.08094 0.13258
