0 0.418750 0.657292 0.171875 0.177083
0 0.527344 0.261458 0.076563 0.122917
0 0.821094 0.928125 0.129688 0.114583
0 0.463281 0.461458 0.160938 0.210417
0 0.860156 0.819792 0.092188 0.118750
0 0.803125 0.095833 0.103125 0.175000
0 0.604688 0.395833 0.109375 0.137500
0 0.771094 0.490625 0.110937 0.156250
0 0.857031 0.560417 0.076563 0.112500
0 0.232813 0.600000 0.081250 0.058333
0 0.565625 0.883333 0.090625 0.104167
0 0.602344 0.089583 0.089063 0.112500
0 0.646094 0.325000 0.101562 0.129167
0 0.326562 0.540625 0.121875 0.060417
0 0.400781 0.282292 0.085938 0.131250
0 0.477344 0.717708 0.079687 0.127083
0 0.553125 0.620833 0.090625 0.104167
0 0.270313 0.251042 0.050000 0.102083
0 0.246875 0.521875 0.059375 0.089583
0 0.696094 0.720833 0.082812 0.095833
0 0.403906 0.041667 0.101562 0.079167
0 0.781250 0.362500 0.209375 0.225000
0 0.357812 0.406250 0.071875 0.133333
0 0.728125 0.106250 0.103125 0.208333
0 0.299219 0.347917 0.057813 0.083333
0 0.714844 0.553125 0.104688 0.152083
0 0.260937 0.369792 0.037500 0.102083
0 0.664062 0.203125 0.081250 0.097917
0 0.841406 0.664583 0.154688 0.145833
0 0.421094 0.170833 0.145313 0.095833
0 0.456250 0.869792 0.106250 0.097917
0 0.257812 0.040625 0.071875 0.068750
0 0.701562 0.657292 0.059375 0.102083
0 0.316406 0.072917 0.079687 0.062500
0 0.332031 0.754167 0.070312 0.108333
0 0.801562 0.375000 0.171875 0.133333
0 0.753906 0.861458 0.085938 0.114583
0 0.292187 0.873958 0.084375 0.043750
0 0.352344 0.925000 0.292187 0.145833
0 0.807813 0.931250 0.100000 0.104167
0 0.555469 0.695833 0.064062 0.116667
0 0.728906 0.073958 0.098437 0.143750
0 0.571094 0.188542 0.129688 0.047917
