0 0.3106 0.2729 0.19092 0.19903
0 0.83145 0.43319 0.09996 0.12366
0 0.66528 0.0816 0.12613 0.16273
0 0.79076 0.76137 0.08849 0.1212
0 0.60168 0.14634 0.11772 0.18478
0 0.78618 0.65063 0.07996 0.11579
0 0.7353 0.5528 0.08946 0.10359
0 0.34572 0.78908 0.08458 0.09943
0 0.36479 0.33799 0.08526 0.13386
0 0.12871 0.21056 0.08955 0.06498
0 0.34509 0.08246 0.1614 0.1645
0 0.82579 0.14629 0.0897 0.13364
0 0.49066 0.50483 0.10925 0.10376
0 0.63923 0.69023 0.15514 0.10942
0 0.63021 0.3448 0.08601 0.08862
0 0.47228 0.20153 0.06835 0.1754
0 0.38373 0.70772 0.06941 0.09217
0 0.30713 0.9287 0.13436 0.14203
0 0.15632 0.1221 0.06437 0.10422
0 0.65937 0.58301 0.10124 0.11564
0 0.80775 0.52915 0.11773 0.08895
0 0.22389 0.14065 0.12506 0.07358
0 0.44016 0.32223 0.06353 0.12068
0 0.28565 0.73467 0.09367 0.10632
0 0.50559 0.71085 0.06055 0.08684
0 0.71996 0.87568 0.0865 0.04557
0 0.76985 0.95282 0.0682 0.0574
0 0.24372 0.03042 0.05601 0.06067
0 0.26801 0.81303 0.07532 0.04408
0 0.74179 0.02121 0.0493 0.04243
0 0.45669 0.22838 0.10343 0.12475
0 0.71197 0.14888 0.06323 0.07047
0 0.67795 0.68041 0.0782 0.08712
0 0.73757 0.46108 0.0457 0.08422
0 0.82393 0.26576 0.16273 0.16617
0 0.24156 0.49616 0.08779 0.05061
0 0.54174 0.41256 0.07307 0.16424
0 0.61608 0.69893 0.11009 0.09258
0 0.63172 0.25832 0.0643 0.13266
0 0.25221 0.3958 0.0467 0.06756
0 0.22079 0.52873 0.20356 0.11414
0 0.58497 0.91628 0.08182 0.12368
0 0.68624 0.9383 0.07813 0.10116
0 0.35738 0.49301 0.08479 0.09377
0 0.83783 0.22892 0.07813 0.07798
0 0.69566 0.79324 0.10489 0.07856
0 0.5494 0.7917 0.09693 0.08328
0 0.27754 0.73245 0.07504 0.10005
0 0.65388 0.57875 0.0744 0.10251
0 0.46503 0.19476 0.05127 0.16227
