0 0.66481 0.75155 0.14747 0.19051
0 0.4918 0.3788 0.1256 0.15156
0 0.32979 0.49912 0.16179 0.20974
0 0.24787 0.30492 0.1166 0.09723
0 0.28867 0.94632 0.06711 0.10643
0 0.57251 0.37721 0.07293 0.13853
0 0.62789 0.37224 0.06819 0.07844
0 0.7874 0.86233 0.06886 0.08761
0 0.57886 0.51853 0.06668 0.11494
0 0.28901 0.7703 0.0922 0.10809
0 0.22228 0.59699 0.11037 0.03872
0 0.58939 0.23918 0.03809 0.10263
0 0.28277 0.36616 0.09882 0.11186
0 0.41177 0.16873 0.06517 0.12323
0 0.64521 0.90716 0.0929 0.0862
0 0.45168 0.51011 0.0997 0.15473
0 0.57931 0.9254 0.08721 0.13765
0 0.29302 0.66946 0.19267 0.11818
0 0.81649 0.78996 0.07741 0.08179
0 0.61572 0.43556 0.07407 0.06499
0 0.64672 0.57921 0.05463 0.09128
0 0.77719 0.67541 0.05081 0.09338
0 0.51507 0.13233 0.16277 0.14712
0 0.25073 0.51059 0.06653 0.12297
0 0.34164 0.21519 0.08336 0.05807
0 0.35224 0.24182 0.10402 0.12144
0 0.72082 0.57854 0.05156 0.07639
0 0.38669 0.82408 0.09371 0.09748
0 0.32703 0.80568 0.07555 0.10919
0 0.39537 0.06461 0.03963 0.08759
0 0.4874 0.73274 0.12834 0.21607
0 0.53478 0.248 0.07785 0.1166
0 0.83346 0.80217 0.11208 0.10767
0 0.32999 0.52689 0.16134 0.15396
0 0.61824 0.63692 0.09029 0.06006
0 0.37244 0.24449 0.06372 0.11733
0 0.5565 0.79957 0.10611 0.12293
0 0.76714 0.67507 0.07112 0.10015
0 0.34594 0.20466 0.09198 0.08142
0 0.58705 0.30959 0.09547 0.06075
