0 0.53185 0.32423 0.15509 0.21836
0 0.13407 0.12448 0.08762 0.12704
0 0.65154 0.15151 0.16771 0.19114
0 0.36319 0.90036 0.12686 0.15599
0 0.21348 0.65284 0.13279 0.13451
0 0.41511 0.23702 0.12833 0.10582
0 0.51267 0.16443 0.1019 0.14791
0 0.38172 0.13897 0.14197 0.07981
0 0.61198 0.92497 0.09627 0.08307
0 0.17344 0.24229 0.08709 0.06412
0 0.32087 0.49964 0.14866 0.18455
0 0.59427 0.85289 0.05697 0.0938
0 0.28967 0.11399 0.07968 0.08052
0 0.64176 0.73625 0.09042 0.09667
0 0.13679 0.03279 0.06647 0.06558
0 0.4125 0.54722 0.0404 0.09735
0 0.47346 0.61208 0.0715 0.11359
0 0.54183 0.62112 0.06827 0.08577
0 0.46988 0.95562 0.10577 0.08768
0 0.40957 0.70673 0.05464 0.08932
0 0.58208 0.55712 0.08068 0.10473
0 0.61758 0.8204 0.08881 0.11602
0 0.42842 0.33243 0.08006 0.10426
0 0.43425 0.47095 0.05453 0.07975
0 0.18819 0.39008 0.05874 0.12446
0 0.29199 0.81345 0.08355 0.13488
0 0.35092 0.35717 0.04658 0.10436
0 0.21726 0.57336 0.06722 0.03973
0 0.545 0.70639 0.06555 0.09723
0 0.25072 0.26759 0.07947 0.08207
0 0.20939 0.50504 0.07303 0.08468
0 0.21299 0.86833 0.08397 0.0471
0 0.49598 0.95555 0.05334 0.08735
0 0.23664 0.3042 0.10899 0.14551
0 0.39261 0.79771 0.08701 0.05892
0 0.28871 0.03401 0.11629 0.06749
0 0.30529 0.04364 0.08332 0.04341
0 0.52359 0.56208 0.06727 0.06518
0 0.60465 0.37354 0.04321 0.07563
0 0.29693 0.62883 0.0808 0.15623
0 0.62573 0.81879 0.07188 0.1128
0 0.22577 0.31259 0.08578 0.12566
0 0.51133 0.14739 0.098 0.11315
