0 0.916406 0.114583 0.092188 0.133333
0 0.380469 0.535417 0.214062 0.229167
0 0.835938 0.255208 0.087500 0.114583
0 0.206250 0.729167 0.184375 0.170833
0 0.259375 0.077083 0.153125 0.108333
0 0.440625 0.096875 0.181250 0.189583
0 0.609375 0.067708 0.109375 0.131250
0 0.186719 0.469792 0.120313 0.089583
0 0.807031 0.081250 0.048438 0.100000
0 0.264844 0.278125 0.114062 0.106250
0 0.260937 0.161458 0.106250 0.097917
0 0.691406 0.863542 0.157812 0.268750
0 0.770312 0.465625 0.053125 0.068750
0 0.800000 0.378125 0.062500 0.052083
0 0.724219 0.553125 0.126562 0.097917
0 0.603906 0.646875 0.082812 0.110417
0 0.206250 0.540625 0.134375 0.118750
0 0.460156 0.802083 0.220312 0.158333
0 0.489063 0.654167 0.090625 0.150000
0 0.309375 0.745833 0.109375 0.141667
0 0.714844 0.071875 0.067187 0.122917
0 0.503906 0.385417 0.132812 0.150000
0 0.603125 0.969792 0.100000 0.056250
0 0.282813 0.409375 0.146875 0.114583
0 0.717187 0.773958 0.081250 0.114583
0 0.407813 0.282292 0.143750 0.102083
0 0.492969 0.797917 0.151562 0.150000
0 0.507031 0.200000 0.145313 0.170833
0 0.626563 0.330208 0.196875 0.285417
0 0.250781 0.412500 0.082812 0.116667
0 0.570312 0.922917 0.059375 0.112500
0 0.207813 0.510417 0.153125 0.175000
0 0.366406 0.657292 0.098437 0.064583
0 0.246094 0.160417 0.135937 0.100000
0 0.760938 0.272917 0.040625 0.045833
0 0.410156 0.194792 0.092188 0.077083
0 0.213281 0.517708 0.148438 0.164583
