0 0.927344 0.185417 0.082812 0.058333
0 0.536719 0.887500 0.167187 0.141667
0 0.463281 0.416667 0.117188 0.200000
0 0.678125 0.919792 0.115625 0.156250
0 0.251563 0.921875 0.096875 0.139583
0 0.495312 0.118750 0.100000 0.162500
0 0.250000 0.102083 0.137500 0.154167
0 0.339844 0.429167 0.129688 0.200000
0 0.390625 0.268750 0.100000 0.141667
0 0.685937 0.623958 0.056250 0.110417
0 0.395313 0.943750 0.125000 0.108333
0 0.806250 0.616667 0.062500 0.079167
0 0.785156 0.679167 0.051562 0.075000
0 0.825781 0.548958 0.060937 0.060417
0 0.617969 0.067708 0.070312 0.118750
0 0.575000 0.069792 0.075000 0.093750
0 0.765625 0.150000 0.065625 0.104167
0 0.503125 0.297917 0.106250 0.133333
0 0.219531 0.734375 0.085938 0.106250
0 0.319531 0.605208 0.110937 0.093750
0 0.739062 0.662500 0.053125 0.066667
0 0.553906 0.184375 0.057813 0.106250
0 0.822656 0.411458 0.064062 0.089583
0 0.587500 0.181250 0.046875 0.129167
0 0.460156 0.701042 0.073438 0.210417
0 0.658594 0.271875 0.123438 0.106250
0 0.239063 0.636458 0.100000 0.114583
0 0.746094 0.537500 0.064062 0.129167
0 0.664062 0.790625 0.140625 0.122917
0 0.676562 0.269792 0.087500 0.106250
0 0.622656 0.469792 0.076563 0.093750
0 0.559375 0.281250 0.068750 0.108333
0 0.839844 0.281250 0.070312 0.045833
0 0.815625 0.046875 0.068750 0.089583
0 0.447656 0.080208 0.089063 0.156250
0 0.125781 0.175000 0.132812 0.125000
0 0.922656 0.363542 0.035937 0.060417
0 0.752344 0.597917 0.060937 0.062500
0 0.730469 0.536458 0.095312 0.131250
0 0.225781 0.485417 0.092188 0.120833
0 0.567187 0.602083 0.143750 0.100000
0 0.971875 0.012500 0.040625 0.020833
0 0.225781 0.458333 0.095312 0.175000
0 0.550781 0.014583 0.079687 0.025000
0 0.570312 0.616667 0.137500 0.070833
0 0.325781 0.304167 0.092188 0.100000
0 0.382031 0.702083 0.098437 0.116667
0 0.278125 0.265625 0.128125 0.047917
0 0.773438 0.068750 0.050000 0.091667
0 0.282813 0.130208 0.071875 0.097917
0 0.810937 0.309375 0.065625 0.056250
0 0.239844 0.404167 0.057813 0.070833
0 0.688281 0.137500 0.073438 0.079167
0 0.485156 0.962500 0.076563 0.070833
0 0.221875 0.222917 0.059375 0.070833
0 0.608594 0.395833 0.064062 0.137500
0 0.224219 0.090625 0.085938 0.131250
0 0.302344 0.730208 0.098437 0.139583
0 0.411719 0.821875 0.104688 0.081250
0 0.360156 0.192708 0.139063 0.118750
0 0.626563 0.393750 0.103125 0.141667
0 0.396094 0.923958 0.126562 0.147917
0 0.300000 0.757292 0.103125 0.193750
