0 0.385156 0.071875 0.070312 0.093750
0 0.282031 0.406250 0.157812 0.204167
0 0.880469 0.844792 0.120313 0.143750
0 0.410938 0.284375 0.115625 0.127083
0 0.489844 0.345833 0.076563 0.116667
0 0.380469 0.970833 0.123438 0.054167
0 0.525000 0.213542 0.068750 0.097917
0 0.296875 0.587500 0.143750 0.137500
0 0.558594 0.764583 0.076563 0.170833
0 0.439844 0.797917 0.092188 0.104167
0 0.836719 0.679167 0.076563 0.129167
0 0.212500 0.339583 0.112500 0.120833
0 0.323437 0.708333 0.084375 0.116667
0 0.630469 0.627083 0.089063 0.137500
0 0.759375 0.593750 0.100000 0.120833
0 0.848437 0.785417 0.087500 0.083333
0 0.569531 0.331250 0.057813 0.070833
0 0.473438 0.485417 0.084375 0.195833
0 0.463281 0.172917 0.085938 0.125000
0 0.615625 0.476042 0.075000 0.077083
0 0.617969 0.816667 0.057813 0.058333
0 0.636719 0.764583 0.054688 0.062500
0 0.725781 0.697917 0.051562 0.129167
0 0.390625 0.611458 0.062500 0.089583
0 0.684375 0.956250 0.043750 0.083333
0 0.371875 0.868750 0.071875 0.129167
0 0.330469 0.706250 0.067187 0.108333
0 0.536719 0.602083 0.054688 0.129167
0 0.432812 0.568750 0.056250 0.095833
0 0.750000 0.905208 0.093750 0.122917
0 0.608594 0.343750 0.039062 0.041667
0 0.483594 0.164583 0.045312 0.108333
0 0.528125 0.441667 0.068750 0.112500
0 0.475000 0.975000 0.059375 0.045833
0 0.823438 0.556250 0.056250 0.112500
0 0.815625 0.570833 0.075000 0.141667
0 0.615625 0.454167 0.075000 0.125000
0 0.758594 0.611458 0.101562 0.156250
0 0.555469 0.790625 0.070312 0.114583
0 0.496094 0.889583 0.076563 0.062500
0 0.221875 0.330208 0.087500 0.102083
0 0.671094 0.518750 0.076563 0.087500
0 0.468750 0.450000 0.075000 0.125000
0 0.283594 0.592708 0.117188 0.127083
0 0.267188 0.360417 0.115625 0.112500
0 0.282813 0.436458 0.156250 0.143750
0 0.321094 0.572917 0.101562 0.108333
0 0.428906 0.797917 0.114062 0.108333
