0 0.892969 0.916667 0.182812 0.162500
0 0.817187 0.184375 0.093750 0.114583
0 0.796094 0.303125 0.142187 0.160417
0 0.847656 0.600000 0.089063 0.079167
0 0.239063 0.508333 0.178125 0.229167
0 0.219531 0.697917 0.160938 0.133333
0 0.575781 0.384375 0.110937 0.327083
0 0.299219 0.944792 0.120313 0.106250
0 0.368750 0.186458 0.090625 0.143750
0 0.689063 0.691667 0.171875 0.208333
0 0.393750 0.085417 0.050000 0.150000
0 0.285938 0.814583 0.137500 0.129167
0 0.339844 0.491667 0.079687 0.129167
0 0.708594 0.160417 0.048438 0.112500
0 0.668750 0.358333 0.090625 0.154167
0 0.480469 0.036458 0.073438 0.068750
0 0.535156 0.896875 0.185938 0.202083
0 0.672656 0.188542 0.057813 0.102083
0 0.535156 0.864583 0.185938 0.137500
0 0.342969 0.736458 0.110937 0.131250
0 0.457031 0.435417 0.079687 0.200000
0 0.803906 0.783333 0.120313 0.245833
0 0.529687 0.207292 0.165625 0.331250
0 0.571875 0.707292 0.059375 0.222917
0 0.431250 0.584375 0.109375 0.060417
0 0.410156 0.552083 0.148438 0.129167
0 0.612500 0.959375 0.121875 0.077083
0 0.705469 0.239583 0.073438 0.054167
0 0.526563 0.797917 0.121875 0.100000
0 0.425781 0.796875 0.092188 0.143750
0 0.547656 0.047917 0.070312 0.091667
0 0.731250 0.470833 0.046875 0.145833
0 0.389844 0.540625 0.107813 0.106250
0 0.388281 0.075000 0.148438 0.145833
