0 0.101562 0.631250 0.162500 0.204167
0 0.817187 0.405208 0.131250 0.089583
0 0.450781 0.153125 0.189062 0.222917
0 0.386719 0.361458 0.176563 0.252083
0 0.781250 0.512500 0.125000 0.112500
0 0.352344 0.825000 0.117188 0.250000
0 0.822656 0.638542 0.179688 0.197917
0 0.423438 0.744792 0.106250 0.202083
0 0.634375 0.845833 0.112500 0.150000
0 0.487500 0.677083 0.078125 0.129167
0 0.726562 0.860417 0.093750 0.150000
0 0.450781 0.936458 0.095312 0.122917
0 0.499219 0.557292 0.167187 0.122917
0 0.215625 0.376042 0.115625 0.152083
0 0.908594 0.577083 0.135937 0.079167
0 0.235156 0.956250 0.170313 0.083333
0 0.569531 0.355208 0.117188 0.210417
0 0.131250 0.451042 0.056250 0.160417
0 0.672656 0.678125 0.104688 0.193750
0 0.530469 0.060417 0.064062 0.116667
0 0.289844 0.287500 0.110937 0.087500
0 0.719531 0.268750 0.085938 0.179167
0 0.573438 0.330208 0.109375 0.139583
0 0.050000 0.085417 0.096875 0.166667
0 0.183594 0.902083 0.095312 0.087500
0 0.225781 0.076042 0.123438 0.147917
0 0.707031 0.584375 0.085938 0.118750
0 0.480469 0.411458 0.079687 0.081250
0 0.753906 0.198958 0.154688 0.318750
0 0.477344 0.505208 0.085938 0.068750
0 0.272656 0.877083 0.095312 0.129167
0 0.568750 0.757292 0.043750 0.106250
0 0.236719 0.723958 0.135937 0.093750
0 0.117188 0.048958 0.068750 0.093750
0 0.189844 0.802083 0.095312 0.087500
0 0.359375 0.760417 0.103125 0.125000
0 0.521875 0.825000 0.100000 0.150000
0 0.242188 0.075000 0.087500 0.145833
0 0.363281 0.362500 0.129688 0.241667
0 0.560937 0.946875 0.121875 0.102083
0 0.475000 0.252083 0.084375 0.170833
0 0.588281 0.758333 0.082812 0.104167
0 0.164844 0.310417 0.082812 0.120833
0 0.184375 0.130208 0.193750 0.106250
0 0.653906 0.282292 0.101562 0.102083
0 0.349219 0.844792 0.107813 0.210417
0 0.594531 0.139583 0.095312 0.233333
