0 0.416406 0.127083 0.164062 0.212500
0 0.147656 0.528125 0.132812 0.131250
0 0.584375 0.283333 0.121875 0.150000
0 0.686719 0.512500 0.123438 0.129167
0 0.767188 0.413542 0.137500 0.085417
0 0.833594 0.595833 0.135937 0.083333
0 0.522656 0.803125 0.107813 0.147917
0 0.408594 0.514583 0.160938 0.112500
0 0.435937 0.247917 0.084375 0.175000
0 0.733594 0.173958 0.114062 0.160417
0 0.251563 0.339583 0.096875 0.083333
0 0.459375 0.891667 0.131250 0.200000
0 0.346875 0.654167 0.078125 0.162500
0 0.339844 0.326042 0.117188 0.202083
0 0.528125 0.130208 0.134375 0.222917
0 0.364844 0.765625 0.082812 0.160417
0 0.210156 0.833333 0.126562 0.095833
0 0.621875 0.832292 0.093750 0.181250
0 0.328125 0.387500 0.096875 0.083333
0 0.189062 0.082292 0.203125 0.160417
0 0.223438 0.054167 0.081250 0.104167
0 0.222656 0.615625 0.079687 0.068750
0 0.518750 0.262500 0.075000 0.095833
0 0.621875 0.859375 0.093750 0.127083
0 0.417187 0.615625 0.075000 0.118750
0 0.232031 0.682292 0.064062 0.072917
0 0.243750 0.940625 0.137500 0.114583
0 0.505469 0.700000 0.060937 0.079167
0 0.608594 0.669792 0.126562 0.206250
0 0.237500 0.751042 0.059375 0.110417
0 0.417187 0.463542 0.093750 0.064583
0 0.282031 0.665625 0.064062 0.110417
0 0.306250 0.242708 0.075000 0.077083
0 0.442188 0.740625 0.078125 0.097917
0 0.439063 0.353125 0.093750 0.102083
0 0.185938 0.759375 0.068750 0.060417
0 0.757812 0.744792 0.143750 0.135417
0 0.685937 0.486458 0.125000 0.185417
0 0.255469 0.473958 0.095312 0.064583
0 0.404687 0.503125 0.168750 0.143750
0 0.346094 0.301042 0.101562 0.152083
0 0.747656 0.632292 0.170313 0.206250
0 0.276562 0.741667 0.034375 0.183333
