0 0.266 0.75894 0.12544 0.15093
0 0.76301 0.10827 0.20626 0.21595
0 0.37239 0.10373 0.08851 0.14115
0 0.19563 0.5891 0.14779 0.22253
0 0.60895 0.36585 0.11123 0.15884
0 0.16614 0.16556 0.1616 0.15568
0 0.61123 0.04967 0.11908 0.09895
0 0.6125 0.96301 0.09714 0.07356
0 0.79354 0.24997 0.10641 0.13171
0 0.30803 0.5401 0.11448 0.14962
0 0.35388 0.84664 0.08799 0.11075
0 0.62013 0.24754 0.10298 0.11624
0 0.49733 0.27657 0.12585 0.18106
0 0.35379 0.70692 0.08402 0.09038
0 0.58527 0.15784 0.12412 0.13776
0 0.31686 0.35035 0.0878 0.19881
0 0.65351 0.81186 0.04915 0.06067
0 0.3019 0.21414 0.10742 0.20325
0 0.71241 0.28923 0.08623 0.16578
0 0.41845 0.3988 0.13665 0.24343
0 0.13318 0.45694 0.09801 0.10589
0 0.48098 0.75632 0.07268 0.11414
0 0.06626 0.08692 0.13253 0.11528
0 0.87505 0.03801 0.13943 0.04882
0 0.41132 0.02196 0.08757 0.04396
0 0.58429 0.86 0.04952 0.07478
0 0.62104 0.70404 0.06756 0.10169
0 0.7666 0.3609 0.0964 0.14804
0 0.61891 0.63614 0.071 0.10189
0 0.58397 0.83982 0.05221 0.11474
0 0.58922 0.48971 0.06362 0.08892
0 0.23566 0.43404 0.06004 0.13601
0 0.46002 0.43314 0.21859 0.30852
0 0.36422 0.62585 0.07478 0.08747
0 0.54933 0.62237 0.03775 0.10052
0 0.42609 0.16393 0.07297 0.0976
0 0.28524 0.09861 0.07405 0.11533
0 0.58881 0.82527 0.03695 0.0843
0 0.64212 0.81565 0.07226 0.06775
