0 0.623437 0.247917 0.153125 0.166667
0 0.290625 0.357292 0.162500 0.235417
0 0.562500 0.075000 0.121875 0.145833
0 0.297656 0.711458 0.170313 0.143750
0 0.500781 0.882292 0.095312 0.135417
0 0.399219 0.611458 0.117188 0.077083
0 0.480469 0.722917 0.126562 0.137500
0 0.723437 0.181250 0.121875 0.183333
0 0.397656 0.276042 0.089063 0.164583
0 0.720313 0.621875 0.068750 0.102083
0 0.436719 0.769792 0.095312 0.106250
0 0.603906 0.470833 0.060937 0.095833
0 0.205469 0.378125 0.095312 0.143750
0 0.241406 0.577083 0.151562 0.175000
0 0.718750 0.137500 0.131250 0.270833
0 0.552344 0.321875 0.092188 0.114583
0 0.696094 0.072917 0.085938 0.141667
0 0.823438 0.035417 0.081250 0.066667
0 0.643750 0.504167 0.087500 0.095833
0 0.471875 0.585417 0.056250 0.125000
0 0.414844 0.870833 0.076563 0.066667
0 0.690625 0.700000 0.068750 0.083333
0 0.295312 0.042708 0.109375 0.081250
0 0.194531 0.489583 0.198437 0.120833
0 0.310937 0.831250 0.078125 0.150000
0 0.362500 0.554167 0.093750 0.095833
0 0.168750 0.478125 0.150000 0.097917
0 0.532031 0.498958 0.054688 0.068750
0 0.189062 0.187500 0.165625 0.170833
0 0.503906 0.216667 0.101562 0.129167
0 0.645312 0.958333 0.062500 0.079167
0 0.422656 0.094792 0.082812 0.185417
0 0.157031 0.167708 0.101562 0.131250
0 0.569531 0.695833 0.073438 0.095833
0 0.763281 0.080208 0.067187 0.118750
0 0.331250 0.148958 0.131250 0.110417
0 0.267969 0.044792 0.164062 0.085417
0 0.467187 0.285417 0.081250 0.145833
0 0.582812 0.630208 0.053125 0.072917
0 0.214844 0.103125 0.114062 0.085417
0 0.613281 0.609375 0.051562 0.085417
0 0.664844 0.578125 0.089063 0.097917
0 0.216406 0.587500 0.101562 0.154167
0 0.703125 0.166667 0.162500 0.212500
0 0.500000 0.905208 0.093750 0.089583
0 0.492969 0.216667 0.123438 0.133333
0 0.678125 0.925000 0.068750 0.095833
