0 0.832812 0.594792 0.140625 0.177083
0 0.566406 0.687500 0.154688 0.183333
0 0.640625 0.280208 0.103125 0.072917
0 0.825000 0.946875 0.093750 0.102083
0 0.708594 0.582292 0.139063 0.189583
0 0.523438 0.270833 0.090625 0.087500
0 0.474219 0.839583 0.129688 0.208333
0 0.296094 0.576042 0.104688 0.085417
0 0.702344 0.879167 0.104688 0.204167
0 0.546875 0.539583 0.075000 0.108333
0 0.224219 0.059375 0.148438 0.114583
0 0.441406 0.373958 0.073438 0.097917
0 0.633594 0.135417 0.048438 0.045833
0 0.622656 0.191667 0.067187 0.079167
0 0.771094 0.447917 0.095312 0.095833
0 0.137500 0.665625 0.146875 0.085417
0 0.517969 0.081250 0.060937 0.041667
0 0.338281 0.718750 0.095312 0.116667
0 0.568750 0.877083 0.121875 0.154167
0 0.567187 0.113542 0.087500 0.047917
0 0.246094 0.656250 0.098437 0.054167
0 0.351562 0.982292 0.100000 0.031250
0 0.625000 0.538542 0.081250 0.131250
0 0.239063 0.289583 0.081250 0.120833
0 0.706250 0.747917 0.118750 0.100000
0 0.662500 0.378125 0.118750 0.097917
0 0.494531 0.128125 0.085938 0.056250
0 0.490625 0.593750 0.078125 0.091667
0 0.477344 0.187500 0.067187 0.087500
0 0.318750 0.418750 0.071875 0.087500
0 0.465625 0.981250 0.068750 0.033333
0 0.560156 0.068750 0.035937 0.062500
0 0.591406 0.951042 0.173437 0.093750
0 0.221094 0.376042 0.070312 0.068750
0 0.257031 0.751042 0.098437 0.118750
0 0.428125 0.564583 0.059375 0.070833
0 0.354687 0.911458 0.062500 0.131250
0 0.621094 0.952083 0.114062 0.091667
0 0.460156 0.639583 0.060937 0.079167
0 0.274219 0.510417 0.089063 0.058333
0 0.634375 0.232292 0.068750 0.039583
0 0.740625 0.922917 0.053125 0.116667
0 0.314063 0.818750 0.078125 0.120833
0 0.369531 0.139583 0.076563 0.116667
0 0.331250 0.707292 0.078125 0.093750
0 0.625000 0.827083 0.062500 0.116667
0 0.714063 0.902083 0.081250 0.158333
