0 0.438281 0.653125 0.139063 0.139583
0 0.710938 0.245833 0.090625 0.133333
0 0.771875 0.552083 0.115625 0.133333
0 0.553906 0.126042 0.117188 0.102083
0 0.486719 0.406250 0.070312 0.100000
0 0.714063 0.737500 0.109375 0.095833
0 0.687500 0.847917 0.087500 0.187500
0 0.455469 0.806250 0.079687 0.104167
0 0.292969 0.167708 0.067187 0.085417
0 0.564063 0.303125 0.087500 0.106250
0 0.725781 0.104167 0.135937 0.112500
0 0.382031 0.331250 0.104688 0.187500
0 0.267188 0.032292 0.062500 0.060417
0 0.689844 0.620833 0.067187 0.112500
0 0.480469 0.543750 0.104688 0.050000
0 0.643750 0.314583 0.081250 0.116667
0 0.296875 0.611458 0.078125 0.056250
0 0.756250 0.207292 0.112500 0.110417
0 0.546875 0.666667 0.087500 0.104167
0 0.384375 0.533333 0.121875 0.166667
0 0.534375 0.127083 0.075000 0.100000
0 0.328125 0.760417 0.112500 0.204167
0 0.311719 0.348958 0.095312 0.085417
0 0.557813 0.855208 0.043750 0.135417
0 0.741406 0.043750 0.082812 0.083333
0 0.580469 0.761458 0.064062 0.110417
0 0.644531 0.426042 0.082812 0.118750
0 0.297656 0.391667 0.139063 0.087500
0 0.748437 0.642708 0.093750 0.102083
