0 0.741406 0.541667 0.129688 0.116667
0 0.767188 0.682292 0.159375 0.147917
0 0.160938 0.967708 0.131250 0.060417
0 0.727344 0.453125 0.085938 0.077083
0 0.611719 0.135417 0.082812 0.154167
0 0.502344 0.684375 0.095312 0.118750
0 0.948438 0.921875 0.100000 0.152083
0 0.603906 0.547917 0.107813 0.079167
0 0.226562 0.312500 0.200000 0.112500
0 0.635938 0.895833 0.093750 0.166667
0 0.921094 0.792708 0.120313 0.118750
0 0.472656 0.109375 0.123438 0.152083
0 0.278125 0.133333 0.200000 0.225000
0 0.300781 0.823958 0.114062 0.102083
0 0.743750 0.923958 0.112500 0.147917
0 0.358594 0.735417 0.095312 0.100000
0 0.536719 0.142708 0.089063 0.097917
0 0.566406 0.951042 0.095312 0.093750
0 0.542188 0.048958 0.096875 0.072917
0 0.646094 0.297917 0.045312 0.083333
0 0.322656 0.942708 0.114062 0.106250
0 0.258594 0.527083 0.089063 0.112500
0 0.232031 0.643750 0.073438 0.066667
0 0.546875 0.431250 0.100000 0.137500
0 0.721875 0.352083 0.071875 0.058333
0 0.653125 0.246875 0.056250 0.106250
0 0.485938 0.905208 0.068750 0.093750
0 0.858594 0.855208 0.095312 0.127083
0 0.632812 0.737500 0.109375 0.079167
0 0.433594 0.942708 0.110937 0.068750
0 0.734375 0.823958 0.050000 0.106250
0 0.403906 0.292708 0.117188 0.110417
0 0.595313 0.311458 0.071875 0.035417
0 0.389844 0.032292 0.095312 0.060417
0 0.560937 0.427083 0.128125 0.145833
0 0.425781 0.211458 0.085938 0.110417
0 0.417187 0.452083 0.093750 0.204167
0 0.478906 0.031250 0.057813 0.058333
0 0.570312 0.261458 0.093750 0.089583
0 0.265625 0.746875 0.062500 0.064583
0 0.571094 0.371875 0.098437 0.043750
0 0.297656 0.478125 0.160938 0.122917
0 0.257031 0.310417 0.135937 0.108333
0 0.842969 0.917708 0.154688 0.160417
0 0.645312 0.659375 0.081250 0.118750
0 0.196875 0.837500 0.103125 0.125000
