0 0.653906 0.858333 0.154688 0.241667
0 0.214062 0.963542 0.084375 0.068750
0 0.430469 0.061458 0.064062 0.106250
0 0.349219 0.068750 0.064062 0.104167
0 0.652344 0.234375 0.054688 0.106250
0 0.289062 0.389583 0.100000 0.083333
0 0.200000 0.614583 0.106250 0.129167
0 0.484375 0.191667 0.043750 0.120833
0 0.153125 0.023958 0.150000 0.043750
0 0.572656 0.182292 0.048438 0.102083
0 0.310937 0.717708 0.106250 0.118750
0 0.402344 0.261458 0.132812 0.197917
0 0.556250 0.036458 0.106250 0.068750
0 0.679688 0.198958 0.062500 0.089583
0 0.466406 0.953125 0.082812 0.089583
0 0.351562 0.619792 0.062500 0.143750
0 0.498437 0.506250 0.125000 0.095833
0 0.650000 0.117708 0.062500 0.047917
0 0.585156 0.347917 0.085938 0.191667
0 0.239063 0.242708 0.093750 0.089583
0 0.585938 0.716667 0.068750 0.112500
0 0.360938 0.841667 0.140625 0.262500
0 0.270313 0.314583 0.112500 0.100000
0 0.523438 0.021875 0.040625 0.039583
0 0.454688 0.270833 0.068750 0.058333
0 0.277344 0.585417 0.070312 0.083333
0 0.279687 0.105208 0.103125 0.093750
0 0.344531 0.512500 0.123438 0.108333
0 0.414062 0.620833 0.056250 0.125000
0 0.490625 0.331250 0.093750 0.079167
0 0.274219 0.083333 0.092188 0.050000
0 0.187500 0.200000 0.115625 0.087500
0 0.405469 0.692708 0.064062 0.127083
0 0.437500 0.188542 0.068750 0.127083
0 0.466406 0.610417 0.057813 0.066667
0 0.372656 0.900000 0.082812 0.150000
0 0.582812 0.473958 0.059375 0.060417
0 0.471875 0.445833 0.050000 0.083333
0 0.639844 0.128125 0.082812 0.089583
0 0.179688 0.116667 0.112500 0.116667
0 0.685937 0.720833 0.084375 0.066667
0 0.321094 0.265625 0.076563 0.118750
0 0.640625 0.119792 0.081250 0.072917
0 0.271875 0.497917 0.075000 0.091667
0 0.548438 0.853125 0.075000 0.127083
0 0.362500 0.619792 0.084375 0.143750
