0 0.783594 0.806250 0.217188 0.245833
0 0.247656 0.686458 0.142187 0.097917
0 0.310937 0.117708 0.112500 0.085417
0 0.334375 0.541667 0.084375 0.095833
0 0.774219 0.207292 0.057813 0.097917
0 0.746875 0.931250 0.125000 0.133333
0 0.371094 0.271875 0.107813 0.172917
0 0.717187 0.317708 0.128125 0.177083
0 0.437500 0.917708 0.103125 0.160417
0 0.357031 0.647917 0.104688 0.116667
0 0.298438 0.785417 0.087500 0.091667
0 0.800000 0.281250 0.068750 0.079167
0 0.639844 0.957292 0.120313 0.081250
0 0.378125 0.040625 0.112500 0.077083
0 0.842187 0.941667 0.062500 0.112500
0 0.378906 0.206250 0.123438 0.066667
0 0.411719 0.528125 0.070312 0.147917
0 0.390625 0.761458 0.084375 0.172917
0 0.614844 0.758333 0.104688 0.054167
0 0.618750 0.202083 0.084375 0.091667
0 0.471875 0.547917 0.071875 0.104167
0 0.693750 0.122917 0.043750 0.083333
0 0.489063 0.082292 0.065625 0.160417
0 0.290625 0.540625 0.062500 0.089583
0 0.353906 0.784375 0.076563 0.177083
0 0.637500 0.864583 0.109375 0.141667
0 0.760156 0.333333 0.045312 0.095833
0 0.575781 0.075000 0.101562 0.145833
0 0.369531 0.936458 0.070312 0.122917
0 0.344531 0.167708 0.110937 0.060417
0 0.430469 0.528125 0.154688 0.152083
0 0.400000 0.527083 0.093750 0.150000
0 0.782031 0.779167 0.217188 0.300000
