0 0.426563 0.341667 0.150000 0.225000
0 0.333594 0.366667 0.123438 0.158333
0 0.585156 0.054167 0.073438 0.104167
0 0.319531 0.832292 0.126562 0.110417
0 0.471094 0.765625 0.173437 0.168750
0 0.863281 0.795833 0.073438 0.083333
0 0.805469 0.947917 0.164062 0.079167
0 0.637500 0.802083 0.134375 0.100000
0 0.693750 0.156250 0.075000 0.066667
0 0.605469 0.963542 0.148438 0.068750
0 0.577344 0.377083 0.179688 0.200000
0 0.758594 0.446875 0.079687 0.085417
0 0.339844 0.661458 0.117188 0.093750
0 0.376563 0.545833 0.184375 0.158333
0 0.707812 0.363542 0.075000 0.110417
0 0.618750 0.671875 0.106250 0.118750
0 0.425781 0.200000 0.082812 0.145833
0 0.599219 0.150000 0.085938 0.129167
0 0.422656 0.984375 0.064062 0.027083
0 0.460156 0.094792 0.048438 0.081250
0 0.496094 0.869792 0.132812 0.122917
0 0.782813 0.558333 0.121875 0.079167
0 0.607031 0.344792 0.123438 0.131250
0 0.625781 0.522917 0.114062 0.091667
0 0.591406 0.169792 0.101562 0.168750
0 0.723437 0.651042 0.106250 0.227083
0 0.338281 0.535417 0.110937 0.137500
0 0.474219 0.939583 0.079687 0.091667
0 0.397656 0.917708 0.085938 0.106250
0 0.695312 0.480208 0.146875 0.110417
