0 0.92295 0.89872 0.15336 0.20105
0 0.20351 0.91479 0.18052 0.16874
0 0.8472 0.77228 0.21218 0.17535
0 0.3606 0.40511 0.22256 0.18375
0 0.22669 0.49568 0.12973 0.08935
0 0.6511 0.91899 0.2027 0.16042
0 0.49726 0.64884 0.19169 0.16909
0 0.77641 0.46021 0.06961 0.0828
0 0.32303 0.69363 0.10874 0.10521
0 0.70411 0.77258 0.13875 0.20895
0 0.24408 0.31752 0.1279 0.07674
0 0.5078 0.87971 0.13023 0.16625
0 0.23065 0.05219 0.1254 0.10434
0 0.37124 0.95696 0.08974 0.0848
0 0.4244 0.74332 0.08142 0.1164
0 0.57602 0.72585 0.12151 0.18
0 0.54723 0.38555 0.13182 0.07609
0 0.63872 0.25998 0.11139 0.25184
0 0.54106 0.13795 0.11741 0.13278
0 0.31058 0.21055 0.14196 0.07086
0 0.64446 0.09545 0.22404 0.18978
0 0.34786 0.0265 0.11839 0.05287
0 0.53758 0.28746 0.10662 0.09141
0 0.32406 0.84162 0.09148 0.06951
0 0.70331 0.22951 0.09881 0.16498
0 0.23922 0.82139 0.07537 0.04449
0 0.40678 0.5394 0.11669 0.13515
0 0.74801 0.32919 0.03171 0.09641
0 0.67818 0.05198 0.07212 0.07713
0 0.69147 0.11873 0.12953 0.14361
0 0.66706 0.26077 0.16817 0.25256
0 0.28313 0.97901 0.07522 0.04075
0 0.53407 0.02628 0.06025 0.05247
0 0.80528 0.95415 0.09432 0.09003
0 0.44742 0.13812 0.10665 0.11066
0 0.76483 0.89193 0.09398 0.08009
0 0.24758 0.16989 0.08946 0.0682
0 0.59846 0.05741 0.13078 0.11459
0 0.33075 0.59963 0.05648 0.08555
0 0.70481 0.25958 0.09451 0.10342
0 0.73395 0.57008 0.12821 0.04071
0 0.69514 0.47186 0.08826 0.11904
0 0.45604 0.04874 0.13036 0.09712
0 0.32762 0.24416 0.17607 0.1389
0 0.69093 0.10255 0.13058 0.17518
