0 0.32134 0.74708 0.13042 0.11262
0 0.79087 0.74569 0.10944 0.10705
0 0.36975 0.43516 0.08985 0.06845
0 0.87752 0.9102 0.20629 0.17845
0 0.45147 0.77764 0.0959 0.12709
0 0.44507 0.376 0.11026 0.14664
0 0.83383 0.45308 0.04598 0.08236
0 0.5861 0.69885 0.09156 0.12429
0 0.75485 0.0388 0.10297 0.07789
0 0.52349 0.87873 0.17023 0.24031
0 0.84197 0.32452 0.06869 0.12187
0 0.65787 0.05377 0.05689 0.07546
0 0.38172 0.22952 0.11887 0.09791
0 0.63445 0.25125 0.17057 0.24837
0 0.37243 0.30724 0.09408 0.08151
0 0.37505 0.04495 0.15902 0.08981
0 0.57887 0.05152 0.06132 0.08557
0 0.72212 0.06774 0.04362 0.06589
0 0.37586 0.06231 0.16209 0.12471
0 0.72753 0.95426 0.08576 0.09035
0 0.36681 0.84018 0.08035 0.07627
0 0.72746 0.86395 0.13496 0.0759
0 0.63669 0.01971 0.04446 0.03933
0 0.42492 0.64916 0.07985 0.0964
0 0.52501 0.0668 0.10158 0.1212
0 0.51259 0.65979 0.06991 0.15275
0 0.59763 0.63558 0.05102 0.09537
0 0.51241 0.69295 0.06858 0.08807
0 0.76273 0.42408 0.07983 0.18886
0 0.3995 0.04496 0.10327 0.08958
0 0.45881 0.14928 0.10423 0.08746
0 0.71002 0.74762 0.07847 0.09829
0 0.46191 0.77609 0.1178 0.13238
