0 0.23593 0.424 0.14715 0.13822
0 0.43484 0.69613 0.15183 0.16528
0 0.71937 0.22229 0.07696 0.12327
0 0.71404 0.68017 0.12066 0.08168
0 0.6799 0.03458 0.15971 0.06904
0 0.27166 0.8792 0.12039 0.16244
0 0.37936 0.22366 0.1468 0.16304
0 0.66567 0.59295 0.11519 0.09618
0 0.67383 0.78718 0.10442 0.18495
0 0.56718 0.75816 0.07261 0.11683
0 0.51947 0.21893 0.05315 0.1224
0 0.55668 0.85954 0.06567 0.11875
0 0.59944 0.29536 0.09686 0.12434
0 0.18418 0.12388 0.07196 0.09698
0 0.628 0.08231 0.11591 0.10788
0 0.1831 0.04386 0.06708 0.06905
0 0.73461 0.57413 0.06288 0.09349
0 0.68353 0.29338 0.07302 0.11464
0 0.64607 0.23814 0.07666 0.06411
0 0.34469 0.60015 0.07802 0.14889
0 0.252 0.7578 0.16902 0.17308
0 0.25908 0.0412 0.10174 0.08223
0 0.45375 0.83043 0.10802 0.11026
0 0.54469 0.12484 0.05558 0.10158
0 0.44605 0.5737 0.06751 0.05029
0 0.54963 0.75859 0.10855 0.11854
0 0.26675 0.96047 0.07384 0.07777
0 0.67926 0.40294 0.06312 0.11916
0 0.25834 0.22285 0.10373 0.12467
0 0.54071 0.38563 0.06633 0.14976
0 0.21862 0.706 0.10296 0.06932
0 0.71069 0.04791 0.0626 0.0438
0 0.26401 0.61652 0.09672 0.11434
0 0.49521 0.47756 0.07385 0.09632
0 0.22901 0.18151 0.16142 0.20799
0 0.25673 0.78305 0.06209 0.0615
0 0.36296 0.81852 0.07432 0.05248
0 0.35285 0.07435 0.08253 0.08412
0 0.34208 0.91645 0.04695 0.09954
0 0.19968 0.93123 0.09429 0.08971
0 0.37497 0.55436 0.07942 0.13307
0 0.66 0.83606 0.05044 0.07889
0 0.28773 0.76545 0.0976 0.16026
0 0.31745 0.15637 0.06907 0.13228
0 0.41476 0.86644 0.05203 0.09248
0 0.70581 0.50711 0.0828 0.07653
0 0.59198 0.63452 0.10249 0.07536
0 0.67918 0.80957 0.09354 0.13803
0 0.26399 0.60318 0.09123 0.08611
