0 0.70046 0.06173 0.14704 0.12313
0 0.91233 0.76147 0.1729 0.10929
0 0.56729 0.61864 0.10588 0.09034
0 0.5575 0.27947 0.10754 0.07222
0 0.19028 0.6061 0.17602 0.13825
0 0.17708 0.8554 0.15254 0.12141
0 0.81512 0.27059 0.18377 0.12381
0 0.72889 0.79203 0.0862 0.11216
0 0.61388 0.50052 0.08322 0.11121
0 0.60311 0.80679 0.09362 0.11154
0 0.16934 0.25477 0.16574 0.10206
0 0.82094 0.87335 0.12756 0.19131
0 0.56202 0.92926 0.09297 0.10776
0 0.41727 0.0383 0.14302 0.07653
0 0.1218 0.046 0.14062 0.09147
0 0.11762 0.10709 0.13977 0.11581
0 0.30583 0.11296 0.25614 0.22445
0 0.56332 0.03221 0.07263 0.06438
0 0.36474 0.46131 0.0968 0.11626
0 0.4047 0.35139 0.09525 0.11154
0 0.7487 0.48531 0.05347 0.11243
0 0.34539 0.26793 0.08851 0.11086
0 0.80507 0.28896 0.21199 0.16155
0 0.58251 0.71899 0.08604 0.06277
0 0.85478 0.33911 0.12267 0.06128
0 0.64427 0.37104 0.08393 0.11586
0 0.67625 0.5189 0.05384 0.06786
0 0.65358 0.15223 0.06563 0.08897
0 0.55526 0.20066 0.03902 0.09485
0 0.24193 0.11341 0.38556 0.22642
0 0.53427 0.35961 0.08843 0.09072
0 0.37514 0.8446 0.08687 0.12768
0 0.79369 0.52494 0.03248 0.09671
0 0.75448 0.95403 0.11807 0.08994
0 0.71662 0.31713 0.03871 0.10659
0 0.7859 0.44973 0.0688 0.09668
0 0.22172 0.02249 0.07704 0.04512
0 0.25925 0.94817 0.05342 0.10154
0 0.1925 0.45086 0.08345 0.08126
0 0.77089 0.59056 0.06456 0.07482
0 0.13156 0.62751 0.06027 0.09414
0 0.87377 0.97342 0.08932 0.05048
0 0.65011 0.93712 0.0851 0.11924
0 0.65884 0.3649 0.05368 0.10112
0 0.1192 0.08724 0.14627 0.15299
0 0.35924 0.92579 0.11014 0.12639
0 0.30869 0.63568 0.08862 0.09059
0 0.80644 0.954 0.22197 0.09032
0 0.77301 0.95428 0.15552 0.08967
0 0.26476 0.43164 0.06319 0.12564
0 0.20399 0.3811 0.10807 0.13452
0 0.21016 0.60545 0.13276 0.13445
0 0.8011 0.27056 0.14881 0.12318
0 0.71593 0.06089 0.11461 0.12139
0 0.40918 0.35983 0.08472 0.0889
0 0.54601 0.0326 0.10913 0.0652
