0 0.61517 0.06775 0.13317 0.13544
0 0.73912 0.79532 0.22572 0.15948
0 0.65139 0.2933 0.1653 0.11071
0 0.34305 0.60225 0.09854 0.08425
0 0.10632 0.53949 0.17495 0.11722
0 0.16524 0.48458 0.09182 0.14708
0 0.62235 0.90461 0.1066 0.18837
0 0.57766 0.50357 0.05812 0.11852
0 0.38462 0.78693 0.0979 0.09929
0 0.35162 0.03756 0.07346 0.07507
0 0.73288 0.35058 0.13977 0.09431
0 0.12638 0.77802 0.10657 0.10888
0 0.41946 0.03695 0.05808 0.0738
0 0.50315 0.15622 0.10379 0.10942
0 0.50267 0.52867 0.07993 0.07054
0 0.17307 0.95371 0.09617 0.09109
0 0.5544 0.33397 0.0511 0.1084
0 0.15979 0.33381 0.10234 0.10601
0 0.35923 0.699 0.08851 0.06736
0 0.27468 0.15226 0.07003 0.16137
0 0.44325 0.57949 0.07661 0.09995
0 0.35559 0.89763 0.09467 0.10328
0 0.31396 0.10363 0.06149 0.12124
0 0.35428 0.50052 0.0523 0.10797
0 0.45338 0.2172 0.04739 0.08621
0 0.45735 0.38149 0.04615 0.1128
0 0.5846 0.76599 0.10598 0.19652
0 0.3415 0.28393 0.10308 0.07078
0 0.22786 0.16984 0.06696 0.09519
0 0.2315 0.04259 0.09528 0.08475
0 0.74474 0.96997 0.08693 0.05771
0 0.3403 0.35933 0.07246 0.08818
0 0.65905 0.6084 0.09221 0.11808
0 0.49356 0.45344 0.04692 0.07188
0 0.68702 0.55507 0.05079 0.09687
0 0.52721 0.80191 0.0703 0.11174
0 0.36286 0.44602 0.07655 0.09629
0 0.52865 0.67631 0.07999 0.09824
0 0.05961 0.39781 0.03859 0.05209
0 0.40185 0.34796 0.08156 0.08759
0 0.45955 0.80548 0.0738 0.10623
0 0.24372 0.25919 0.0863 0.08496
0 0.68877 0.47471 0.12566 0.09825
0 0.14526 0.76863 0.14493 0.12714
0 0.28954 0.93185 0.06979 0.08631
0 0.67411 0.2236 0.07171 0.0844
0 0.58388 0.78789 0.10378 0.15286
0 0.15061 0.72467 0.09762 0.04037
0 0.13742 0.09908 0.14376 0.19753
0 0.15991 0.34517 0.10107 0.08297
0 0.7012 0.48945 0.10138 0.0685
0 0.23906 0.84542 0.05396 0.16366
0 0.67317 0.45709 0.09029 0.06511
0 0.74242 0.81303 0.21847 0.12185
0 0.13497 0.23028 0.06791 0.08942
0 0.23873 0.1869 0.08924 0.12837
0 0.16156 0.74756 0.11907 0.08522
0 0.3617 0.50167 0.06585 0.11036
