0 0.885938 0.392708 0.206250 0.139583
0 0.508594 0.109375 0.214062 0.214583
0 0.948438 0.860417 0.100000 0.129167
0 0.677344 0.783333 0.114062 0.108333
0 0.738281 0.665625 0.101562 0.118750
0 0.141406 0.150000 0.164062 0.120833
0 0.632031 0.097917 0.092188 0.154167
0 0.314844 0.107292 0.148438 0.164583
0 0.658594 0.427083 0.117188 0.091667
0 0.709375 0.956250 0.090625 0.083333
0 0.917969 0.944792 0.114062 0.106250
0 0.150781 0.365625 0.148438 0.081250
0 0.745313 0.047917 0.068750 0.091667
0 0.108594 0.189583 0.164062 0.150000
0 0.760156 0.143750 0.129688 0.137500
0 0.825781 0.918750 0.092188 0.125000
0 0.232813 0.964583 0.118750 0.066667
0 0.257031 0.771875 0.132812 0.135417
0 0.140625 0.016667 0.125000 0.029167
0 0.392969 0.393750 0.092188 0.112500
0 0.773438 0.143750 0.103125 0.137500
0 0.458594 0.634375 0.110937 0.143750
0 0.236719 0.784375 0.173437 0.164583
0 0.241406 0.383333 0.076563 0.112500
0 0.340625 0.268750 0.150000 0.170833
0 0.742969 0.500000 0.085938 0.120833
0 0.473438 0.483333 0.100000 0.100000
0 0.528906 0.529167 0.092188 0.125000
0 0.831250 0.596875 0.053125 0.114583
0 0.526563 0.937500 0.043750 0.116667
0 0.491406 0.756250 0.051562 0.116667
0 0.361719 0.622917 0.095312 0.133333
0 0.635156 0.536458 0.089063 0.127083
0 0.578906 0.747917 0.095312 0.120833
0 0.177344 0.813542 0.057813 0.110417
0 0.228125 0.214583 0.106250 0.150000
0 0.357031 0.782292 0.085938 0.089583
0 0.692187 0.880208 0.084375 0.072917
0 0.503125 0.168750 0.168750 0.095833
0 0.400000 0.245833 0.112500 0.179167
0 0.316406 0.247917 0.201563 0.216667
0 0.266406 0.901042 0.135937 0.156250
0 0.543750 0.363542 0.078125 0.097917
0 0.663281 0.877083 0.145313 0.079167
0 0.297656 0.565625 0.114062 0.110417
0 0.814844 0.290625 0.089063 0.081250
0 0.678906 0.879167 0.110937 0.075000
0 0.382812 0.516667 0.084375 0.091667
0 0.253125 0.523958 0.112500 0.122917
0 0.126562 0.177083 0.196875 0.175000
0 0.252344 0.616667 0.082812 0.075000
