0 0.7588 0.0936 0.14662 0.18273
0 0.84758 0.90547 0.22362 0.1548
0 0.81287 0.39421 0.25597 0.15926
0 0.43286 0.16855 0.06452 0.12687
0 0.47751 0.06259 0.08434 0.12408
0 0.24149 0.79193 0.09686 0.10739
0 0.28298 0.94836 0.08679 0.10183
0 0.44355 0.65076 0.09388 0.08634
0 0.55153 0.06271 0.06478 0.12492
0 0.68766 0.57134 0.05957 0.12066
0 0.8115 0.2758 0.07442 0.09188
0 0.67607 0.03551 0.09292 0.07091
0 0.71169 0.93984 0.10701 0.11906
0 0.2803 0.54371 0.0921 0.13896
0 0.45019 0.91331 0.08675 0.08968
0 0.20553 0.53244 0.07301 0.08657
0 0.54817 0.63208 0.08051 0.09788
0 0.47901 0.82615 0.09212 0.08555
0 0.36671 0.23889 0.11174 0.17954
0 0.60805 0.58366 0.08101 0.06335
0 0.35918 0.10046 0.08546 0.0818
0 0.80881 0.61336 0.05796 0.10192
0 0.62974 0.20882 0.1173 0.10773
0 0.77859 0.66165 0.09099 0.10996
0 0.2845 0.41846 0.10053 0.14802
0 0.66992 0.39533 0.06017 0.09994
0 0.62028 0.85681 0.06823 0.11468
0 0.45132 0.56739 0.04262 0.10691
0 0.45696 0.73635 0.08524 0.07774
0 0.4528 0.34843 0.0991 0.0786
0 0.67505 0.82741 0.09495 0.21053
0 0.57595 0.24453 0.0557 0.09365
0 0.56339 0.44444 0.04457 0.11128
0 0.27304 0.73026 0.09572 0.05782
0 0.75888 0.82325 0.0667 0.09845
0 0.33757 0.48235 0.08058 0.08067
0 0.63143 0.73251 0.08533 0.10776
0 0.61438 0.48396 0.05158 0.08207
0 0.59624 0.37051 0.14623 0.13969
0 0.3427 0.24687 0.06273 0.09179
0 0.8624 0.41407 0.15734 0.11869
0 0.47144 0.5056 0.08149 0.10266
0 0.45505 0.42027 0.05901 0.07591
0 0.38881 0.22824 0.0676 0.1598
0 0.76784 0.37177 0.16613 0.1147
0 0.5116 0.41132 0.07242 0.07384
0 0.34659 0.85363 0.05217 0.14599
0 0.35974 0.07094 0.08684 0.14053
0 0.27457 0.51894 0.07902 0.08945
0 0.82043 0.28703 0.05589 0.06824
0 0.36431 0.26461 0.10777 0.12763
