0 0.8009 0.74884 0.12259 0.14985
0 0.70649 0.21117 0.06745 0.12624
0 0.61319 0.69094 0.16658 0.16223
0 0.84749 0.63667 0.11232 0.07282
0 0.39236 0.44263 0.12668 0.13537
0 0.8612 0.02941 0.13981 0.05891
0 0.3779 0.2442 0.11331 0.12628
0 0.33332 0.13776 0.08092 0.10184
0 0.52483 0.84042 0.10047 0.08204
0 0.37457 0.88705 0.19219 0.22524
0 0.69203 0.82867 0.08851 0.11016
0 0.86757 0.26506 0.05544 0.10976
0 0.87804 0.19419 0.05828 0.1046
0 0.74473 0.45614 0.12079 0.15151
0 0.85587 0.37003 0.041 0.11423
0 0.78882 0.27624 0.09436 0.11483
0 0.53355 0.60722 0.08663 0.14878
0 0.34005 0.05421 0.07177 0.08578
0 0.36404 0.958 0.17031 0.08355
0 0.70045 0.73266 0.07437 0.1188
0 0.85612 0.52312 0.14471 0.08367
0 0.46538 0.31326 0.06638 0.09612
0 0.82019 0.21855 0.08475 0.05672
0 0.5164 0.16335 0.11505 0.20195
0 0.62474 0.82784 0.09804 0.07763
0 0.76658 0.56156 0.11018 0.0828
0 0.63355 0.22821 0.08936 0.08962
0 0.61236 0.28473 0.06227 0.08571
0 0.62248 0.5555 0.10301 0.0754
0 0.58856 0.47052 0.06607 0.09432
0 0.38475 0.11778 0.04018 0.09434
0 0.66588 0.35234 0.06305 0.08639
0 0.83025 0.18523 0.05648 0.04431
0 0.71523 0.1167 0.04357 0.05413
0 0.50526 0.17583 0.09103 0.17562
0 0.53305 0.38747 0.07443 0.1719
0 0.6511 0.47974 0.06296 0.10042
0 0.4912 0.88389 0.04574 0.06911
0 0.41059 0.31991 0.06045 0.06746
0 0.36451 0.74066 0.11728 0.08543
0 0.41366 0.90856 0.11392 0.15159
0 0.5643 0.02651 0.07135 0.05287
0 0.61012 0.81582 0.12784 0.10208
0 0.89882 0.52418 0.06125 0.08233
0 0.83534 0.5193 0.10524 0.07512
0 0.42874 0.21402 0.08547 0.08762
0 0.5518 0.22297 0.08837 0.14948
0 0.33964 0.8614 0.08744 0.14206
0 0.78281 0.78965 0.06012 0.07735
0 0.5386 0.08987 0.07314 0.06312
0 0.70266 0.60995 0.08518 0.0747
0 0.82148 0.20577 0.08523 0.08339
0 0.42836 0.03976 0.06377 0.07928
0 0.84853 0.36913 0.05683 0.11756
