0 0.76235 0.55416 0.15761 0.13799
0 0.6207 0.8478 0.23701 0.15223
0 0.24381 0.20902 0.12058 0.14357
0 0.6654 0.2289 0.17485 0.13893
0 0.54019 0.37822 0.11652 0.11865
0 0.46109 0.62646 0.14552 0.29818
0 0.63505 0.67739 0.13375 0.18837
0 0.28616 0.33277 0.09555 0.04686
0 0.65743 0.10375 0.13783 0.11053
0 0.74836 0.44803 0.11252 0.1528
0 0.74443 0.74176 0.08914 0.06959
0 0.74419 0.88452 0.04836 0.22799
0 0.74721 0.46252 0.10981 0.12248
0 0.3634 0.39915 0.06183 0.18635
0 0.42969 0.18226 0.18877 0.21639
0 0.55483 0.96407 0.12369 0.0704
0 0.42013 0.04831 0.13702 0.09653
0 0.28138 0.58639 0.10604 0.0535
0 0.34709 0.12448 0.10349 0.10892
0 0.1776 0.69792 0.17366 0.03888
0 0.63847 0.02044 0.11935 0.04101
0 0.11908 0.74681 0.13332 0.04621
0 0.22257 0.83505 0.11112 0.14667
0 0.63006 0.38301 0.11948 0.15532
0 0.36707 0.19554 0.15395 0.17816
0 0.35898 0.63423 0.09131 0.10419
0 0.64714 0.48235 0.08933 0.10629
0 0.71435 0.32001 0.10691 0.14716
0 0.31582 0.0421 0.09218 0.0842
