0 0.61781 0.65275 0.20432 0.12731
0 0.48278 0.44738 0.11289 0.25769
0 0.78333 0.43572 0.13455 0.12638
0 0.68429 0.11066 0.16444 0.1191
0 0.47395 0.08018 0.21141 0.16027
0 0.77299 0.3378 0.10545 0.13951
0 0.32518 0.10129 0.103 0.1336
0 0.18951 0.9355 0.13794 0.11954
0 0.2478 0.49593 0.14556 0.05231
0 0.58193 0.22717 0.12645 0.10539
0 0.62196 0.86855 0.14361 0.17618
0 0.50847 0.89564 0.11244 0.2063
0 0.65991 0.26475 0.10861 0.14382
0 0.641 0.51994 0.12639 0.13192
0 0.35473 0.95177 0.18306 0.09486
0 0.60165 0.84373 0.18496 0.22922
0 0.75729 0.61785 0.0769 0.05825
0 0.41226 0.49015 0.08157 0.08202
0 0.67561 0.35437 0.08283 0.1037
0 0.74796 0.74012 0.05527 0.2301
0 0.19481 0.53683 0.10194 0.02841
0 0.71882 0.02961 0.08701 0.05894
0 0.74959 0.20676 0.10207 0.14939
0 0.33526 0.44663 0.07598 0.03504
0 0.41904 0.25785 0.05944 0.16173
0 0.35978 0.2567 0.08135 0.10531
0 0.31019 0.87084 0.13215 0.12818
0 0.48215 0.24132 0.09402 0.13177
0 0.19085 0.91778 0.14092 0.15782
0 0.76994 0.3511 0.099 0.11055
