0 0.71697 0.69805 0.07809 0.23069
0 0.53376 0.60069 0.19089 0.13785
0 0.75676 0.29359 0.1133 0.14671
0 0.75825 0.39647 0.13774 0.13002
0 0.61254 0.19798 0.13878 0.17571
0 0.15366 0.83807 0.12484 0.10779
0 0.52591 0.7798 0.17849 0.21508
0 0.40735 0.37608 0.09124 0.21047
0 0.51836 0.17621 0.11782 0.11467
0 0.74602 0.5839 0.07652 0.0708
0 0.58159 0.4804 0.12364 0.14374
0 0.74664 0.1526 0.10696 0.17252
0 0.19933 0.43769 0.14765 0.05485
0 0.63632 0.06098 0.18309 0.12166
0 0.26109 0.90934 0.1506 0.14976
0 0.39429 0.05373 0.2308 0.1071
0 0.53944 0.80918 0.15104 0.15701
0 0.43584 0.8392 0.08377 0.16944
0 0.34395 0.53312 0.10885 0.11684
0 0.64896 0.31055 0.09271 0.10031
0 0.72838 0.07365 0.09515 0.13087
0 0.39005 0.18993 0.10192 0.12419
0 0.62283 0.77855 0.06495 0.11973
0 0.47528 0.49688 0.07677 0.11036
0 0.48094 0.06807 0.11707 0.13296
0 0.29834 0.6012 0.08742 0.12023
0 0.25939 0.78866 0.12513 0.11596
0 0.47937 0.83853 0.1695 0.1702
0 0.41672 0.05241 0.18516 0.10467
