0 0.67233 0.17435 0.10992 0.20399
0 0.40157 0.61091 0.13551 0.16212
0 0.54453 0.19361 0.13474 0.1818
0 0.49132 0.92535 0.16161 0.13794
0 0.90923 0.77906 0.16879 0.22515
0 0.91989 0.57807 0.15996 0.10893
0 0.36479 0.85167 0.14304 0.16103
0 0.45235 0.11818 0.10913 0.04645
0 0.53807 0.66379 0.12161 0.13258
0 0.93621 0.24829 0.10292 0.16019
0 0.72838 0.93248 0.14253 0.13355
0 0.90666 0.14604 0.14996 0.11151
0 0.36195 0.86804 0.13711 0.12746
0 0.93301 0.43995 0.09248 0.16604
0 0.93038 0.04704 0.13907 0.09431
0 0.60045 0.8374 0.17425 0.22235
0 0.93724 0.94672 0.09384 0.10573
0 0.50572 0.35451 0.1344 0.07641
0 0.84326 0.95262 0.10392 0.09361
0 0.52313 0.53671 0.12005 0.13725
0 0.85367 0.14963 0.25598 0.12346
0 0.79743 0.80545 0.15118 0.21648
0 0.95819 0.36334 0.08311 0.0735
0 0.82959 0.61367 0.10303 0.06733
0 0.77091 0.38061 0.27331 0.28632
0 0.45016 0.29045 0.06893 0.076
0 0.66915 0.66204 0.1408 0.14479
0 0.47938 0.02967 0.07791 0.05905
0 0.48827 0.53619 0.18465 0.13924
0 0.54523 0.0746 0.09204 0.13176
0 0.80781 0.37878 0.19453 0.28335
0 0.49044 0.0302 0.10155 0.05986
0 0.54503 0.08397 0.09045 0.11156
