0 0.53656 0.62292 0.1001 0.0852
0 0.83465 0.82979 0.12528 0.18357
0 0.91148 0.96146 0.1146 0.07559
0 0.48072 0.16072 0.09135 0.13205
0 0.82216 0.6384 0.1159 0.21946
0 0.57913 0.95582 0.09757 0.08689
0 0.54811 0.06105 0.09728 0.12143
0 0.6748 0.31846 0.06209 0.20679
0 0.56242 0.28306 0.09863 0.10052
0 0.39743 0.40897 0.05223 0.12348
0 0.40489 0.73837 0.19841 0.2137
0 0.69838 0.91353 0.18554 0.1151
0 0.54059 0.39331 0.10979 0.13798
0 0.37988 0.0866 0.08862 0.06434
0 0.45412 0.93414 0.11685 0.12992
0 0.62187 0.78146 0.14182 0.1658
0 0.50616 0.85616 0.05828 0.14118
0 0.43364 0.29421 0.07691 0.12521
0 0.72449 0.55736 0.10443 0.17273
0 0.62395 0.2101 0.087 0.05327
0 0.70157 0.24013 0.04985 0.08646
0 0.70901 0.55887 0.13812 0.17848
0 0.41285 0.07012 0.1547 0.12435
0 0.3888 0.44661 0.12605 0.21094
0 0.62728 0.02987 0.07223 0.05959
0 0.35693 0.41597 0.06255 0.14742
0 0.4511 0.0741 0.08273 0.12985
0 0.45213 0.23453 0.07566 0.09829
0 0.61084 0.80186 0.16727 0.2085
0 0.59222 0.03001 0.14305 0.05991
0 0.71678 0.32505 0.04548 0.06772
0 0.73904 0.98637 0.08162 0.02571
0 0.62994 0.19407 0.09907 0.08702
0 0.51716 0.05874 0.03773 0.06321
0 0.40052 0.62594 0.09955 0.12286
0 0.56267 0.05882 0.06636 0.11659
0 0.828 0.60205 0.10341 0.14557
0 0.40815 0.70783 0.20559 0.28251
0 0.66188 0.21854 0.09737 0.14048
0 0.69692 0.89677 0.19019 0.15281
