0 0.60841 0.37658 0.17375 0.07676
0 0.4663 0.11699 0.11154 0.15258
0 0.66208 0.47554 0.10658 0.10363
0 0.45883 0.30672 0.10741 0.12336
0 0.74449 0.89056 0.07751 0.07665
0 0.72705 0.75254 0.11793 0.11729
0 0.57296 0.62316 0.13128 0.13472
0 0.23641 0.89435 0.12773 0.06606
0 0.47019 0.66456 0.07493 0.13106
0 0.63182 0.26327 0.13249 0.12057
0 0.55656 0.5332 0.12732 0.1397
0 0.36 0.54899 0.11365 0.11495
0 0.37898 0.31573 0.07871 0.2209
0 0.55561 0.87392 0.11061 0.17976
0 0.71947 0.95843 0.07906 0.08242
0 0.71981 0.65515 0.12177 0.14626
0 0.39587 0.21094 0.10794 0.1132
0 0.70446 0.66282 0.09105 0.10717
0 0.45419 0.13927 0.0878 0.10324
0 0.70929 0.6503 0.10026 0.13532
0 0.38269 0.2025 0.08181 0.09546
0 0.60813 0.36406 0.17398 0.10442
