0 0.89081 0.88398 0.20457 0.22802
0 0.33488 0.45173 0.14769 0.21085
0 0.45185 0.16286 0.08675 0.13227
0 0.4585 0.63758 0.09659 0.09575
0 0.76913 0.31925 0.11901 0.13648
0 0.32816 0.63388 0.1266 0.11361
0 0.78027 0.21804 0.06802 0.09457
0 0.61212 0.21328 0.08808 0.16616
0 0.3534 0.97894 0.08582 0.04016
0 0.66949 0.92748 0.25512 0.14375
0 0.41092 0.86857 0.07747 0.1399
0 0.84016 0.9394 0.10757 0.11891
0 0.91125 0.88275 0.16349 0.22536
0 0.51736 0.05882 0.07801 0.11737
0 0.46416 0.39685 0.09139 0.13794
0 0.36022 0.73789 0.12058 0.17978
0 0.44972 0.96752 0.10991 0.06348
0 0.65362 0.31275 0.08401 0.23867
0 0.59653 0.79343 0.19589 0.17804
0 0.68005 0.57652 0.0887 0.18951
0 0.39936 0.72306 0.11238 0.102
0 0.52898 0.28105 0.06718 0.10376
0 0.69972 0.18927 0.04118 0.10026
0 0.57105 0.20193 0.06581 0.05862
0 0.61968 0.85237 0.08469 0.05487
0 0.60433 0.0192 0.12147 0.03842
0 0.42564 0.07429 0.13176 0.12836
0 0.82818 0.6695 0.16451 0.24521
0 0.66907 0.27297 0.04041 0.16127
0 0.85314 0.66846 0.11508 0.24227
0 0.86497 0.62494 0.09114 0.15385
0 0.63039 0.15133 0.12608 0.29061
0 0.6451 0.34959 0.06728 0.16515
0 0.32476 0.4284 0.1268 0.16301
0 0.53494 0.33086 0.08497 0.1986
0 0.40475 0.88295 0.0935 0.16876
0 0.40412 0.92453 0.09228 0.08606
0 0.51619 0.04812 0.07387 0.09574
