0 0.58175 0.16608 0.18267 0.12614
0 0.51288 0.86017 0.16282 0.16499
0 0.33108 0.35635 0.14424 0.19773
0 0.48137 0.52383 0.09283 0.14021
0 0.56394 0.72993 0.10963 0.13953
0 0.59138 0.05768 0.14948 0.11515
0 0.25909 0.27213 0.09713 0.10875
0 0.64959 0.8073 0.07266 0.1826
0 0.67164 0.66984 0.06863 0.07892
0 0.23562 0.78827 0.11467 0.12279
0 0.53949 0.95633 0.14301 0.08645
0 0.43691 0.25122 0.10613 0.12258
0 0.42098 0.1021 0.11574 0.13829
0 0.65625 0.46408 0.09675 0.13529
0 0.40153 0.65584 0.13849 0.19713
0 0.54375 0.653 0.10512 0.08023
0 0.68331 0.95332 0.06357 0.09217
0 0.19789 0.72796 0.11074 0.0259
0 0.61617 0.28193 0.0944 0.10094
0 0.35099 0.12468 0.11413 0.24893
0 0.64831 0.47419 0.08116 0.11266
0 0.61589 0.92876 0.06738 0.12264
0 0.30956 0.88506 0.11435 0.11495
0 0.63439 0.27792 0.12919 0.1081
0 0.33492 0.95302 0.11229 0.0933
0 0.54295 0.3279 0.13814 0.12006
0 0.52325 0.95502 0.17727 0.089
0 0.64826 0.34605 0.08033 0.12182
