0 0.81705 0.29851 0.128 0.13014
0 0.51632 0.56555 0.1738 0.21254
0 0.85261 0.53901 0.22138 0.23962
0 0.39622 0.76125 0.16793 0.20595
0 0.7441 0.44181 0.165 0.27458
0 0.77241 0.16712 0.19404 0.14132
0 0.34273 0.29276 0.1215 0.14424
0 0.62823 0.66093 0.13873 0.16731
0 0.52979 0.10994 0.12071 0.16312
0 0.32006 0.23663 0.11699 0.10721
0 0.66674 0.55813 0.10291 0.14191
0 0.76698 0.97298 0.12563 0.05338
0 0.76786 0.79114 0.18105 0.13858
0 0.41602 0.05044 0.13637 0.10072
0 0.33833 0.91828 0.15165 0.1483
0 0.45135 0.22362 0.09157 0.14746
0 0.73617 0.05607 0.13339 0.11187
0 0.62189 0.06313 0.08597 0.12594
0 0.50649 0.73578 0.13283 0.14318
0 0.69366 0.21976 0.07786 0.14569
0 0.3494 0.56407 0.08905 0.08726
0 0.52073 0.27882 0.13911 0.19882
0 0.37641 0.1443 0.1213 0.15199
0 0.33117 0.39551 0.095 0.08022
0 0.36493 0.42507 0.0942 0.08677
0 0.65426 0.22248 0.06335 0.33296
0 0.66636 0.53796 0.10628 0.18418
0 0.41843 0.4646 0.08051 0.10463
0 0.64179 0.97002 0.132 0.05932
0 0.44037 0.965 0.13286 0.06921
0 0.48932 0.49152 0.13374 0.11597
0 0.6609 0.89412 0.10845 0.113
0 0.34781 0.41252 0.12815 0.11158
0 0.31733 0.96889 0.11182 0.0614
0 0.469 0.86615 0.11335 0.14878
0 0.80755 0.90569 0.18377 0.10819
0 0.38936 0.14479 0.14685 0.15804
