0 0.75872 0.16984 0.18278 0.14333
0 0.6389 0.44108 0.17354 0.2645
0 0.75335 0.30545 0.14105 0.13175
0 0.76228 0.53932 0.21804 0.23022
0 0.70566 0.78709 0.19153 0.13952
0 0.4662 0.54974 0.14986 0.19756
0 0.72876 0.05816 0.15685 0.1161
0 0.337 0.29246 0.11478 0.13132
0 0.3856 0.72155 0.15091 0.18789
0 0.70889 0.97105 0.11901 0.05719
0 0.72895 0.90274 0.18166 0.12868
0 0.47612 0.2741 0.14225 0.18891
0 0.55544 0.67713 0.12694 0.15251
0 0.62872 0.22388 0.10281 0.14797
0 0.56722 0.55148 0.08888 0.13639
0 0.37354 0.14347 0.0942 0.11416
0 0.35027 0.86397 0.13135 0.13013
0 0.45447 0.1244 0.12178 0.14388
0 0.55023 0.07014 0.10224 0.14013
0 0.34574 0.22631 0.08236 0.05468
0 0.54084 0.95502 0.13033 0.08864
0 0.4116 0.05857 0.14664 0.11723
0 0.37128 0.40511 0.09732 0.09134
0 0.39364 0.94449 0.13671 0.11066
0 0.4858 0.71463 0.12693 0.13541
0 0.47236 0.8308 0.12247 0.1435
0 0.43936 0.45175 0.11902 0.09583
0 0.36859 0.94414 0.18689 0.11139
0 0.54952 0.09048 0.10424 0.18033
0 0.76109 0.19148 0.17633 0.1007
0 0.71465 0.0602 0.18677 0.12023
