0 0.92776 0.88813 0.14386 0.22225
0 0.83464 0.19989 0.0766 0.09675
0 0.34673 0.43899 0.1409 0.19645
0 0.3881 0.82296 0.07766 0.12117
0 0.81941 0.30578 0.12715 0.1403
0 0.44019 0.61156 0.08741 0.0923
0 0.61319 0.14593 0.12987 0.28918
0 0.46363 0.16416 0.07806 0.12565
0 0.83734 0.93619 0.11718 0.12603
0 0.44732 0.39261 0.0718 0.12853
0 0.64952 0.57137 0.06442 0.18019
0 0.64965 0.92177 0.26346 0.15167
0 0.40144 0.9437 0.10312 0.11096
0 0.37573 0.94409 0.15576 0.11048
0 0.743 0.17044 0.03906 0.09174
0 0.64587 0.32143 0.09081 0.27397
0 0.64055 0.3582 0.08031 0.19478
0 0.58892 0.20993 0.08113 0.16152
0 0.36646 0.41021 0.0713 0.12455
0 0.85869 0.64951 0.08996 0.21082
0 0.33178 0.95083 0.0687 0.09643
0 0.38874 0.68779 0.1169 0.10107
0 0.49707 0.06326 0.04305 0.12639
0 0.32931 0.6023 0.13302 0.11402
0 0.44673 0.10639 0.08062 0.08651
0 0.60715 0.76841 0.15922 0.18384
0 0.74425 0.62933 0.1471 0.18303
0 0.66774 0.26299 0.04436 0.15908
0 0.52664 0.36237 0.09687 0.22637
0 0.64449 0.11152 0.06631 0.22068
0 0.72628 0.18949 0.07475 0.12939
0 0.33149 0.41711 0.11016 0.15141
0 0.5689 0.90977 0.10115 0.08109
0 0.72679 0.18037 0.07199 0.11062
0 0.60178 0.07479 0.06117 0.12048
0 0.60212 0.40768 0.07022 0.13084
0 0.88107 0.57261 0.07121 0.0587
0 0.55175 0.06746 0.06577 0.10484
0 0.55137 0.05076 0.05393 0.07028
0 0.32511 0.41669 0.09705 0.15161
0 0.54282 0.39958 0.06653 0.1531
0 0.50785 0.065 0.06476 0.12955
0 0.86056 0.65793 0.15744 0.23094
0 0.89629 0.69764 0.09229 0.10389
0 0.35511 0.64199 0.18449 0.19245
0 0.76466 0.6027 0.1076 0.12849
0 0.9448 0.90242 0.10957 0.19267
