0 0.87103 0.25539 0.17378 0.17738
0 0.56508 0.30107 0.18519 0.1741
0 0.28851 0.93016 0.157 0.139
0 0.40661 0.53785 0.16252 0.20522
0 0.28682 0.06005 0.12798 0.12001
0 0.40851 0.80927 0.13284 0.15169
0 0.67836 0.39158 0.13143 0.17813
0 0.45914 0.26479 0.16385 0.17457
0 0.73664 0.2554 0.08513 0.12296
0 0.69831 0.05258 0.12105 0.10519
0 0.36981 0.06321 0.11389 0.12616
0 0.7685 0.52362 0.15495 0.16517
0 0.3303 0.72734 0.1401 0.17335
0 0.76747 0.76529 0.16214 0.17654
0 0.60591 0.94512 0.09874 0.10875
0 0.81791 0.05242 0.09126 0.10029
0 0.53834 0.07841 0.10377 0.15628
0 0.84965 0.18763 0.2134 0.31368
0 0.3172 0.37449 0.08898 0.09609
0 0.295 0.19775 0.11081 0.06499
0 0.51512 0.51318 0.11813 0.12788
0 0.80215 0.15066 0.11693 0.2384
0 0.55829 0.4226 0.11166 0.11273
0 0.5518 0.78338 0.12677 0.14658
0 0.48467 0.05165 0.06263 0.10273
0 0.57542 0.77906 0.1734 0.15416
0 0.44512 0.69272 0.08508 0.10381
0 0.78569 0.97342 0.09971 0.05227
0 0.31714 0.18763 0.15504 0.12835
0 0.29524 0.80769 0.11888 0.08402
0 0.34134 0.21688 0.10998 0.07013
0 0.82539 0.6255 0.14464 0.06268
0 0.73671 0.66779 0.14772 0.067
0 0.28683 0.95743 0.15377 0.08433
0 0.63239 0.86167 0.10987 0.07297
0 0.50444 0.47783 0.13897 0.19594
0 0.30165 0.90935 0.09593 0.09722
0 0.7163 0.05211 0.08385 0.10396
0 0.74967 0.526 0.19415 0.17126
0 0.7622 0.78596 0.17304 0.21879
