0 0.34336 0.19301 0.16143 0.18339
0 0.68281 0.1605 0.18281 0.20176
0 0.30956 0.89519 0.13176 0.14928
0 0.65558 0.82371 0.15343 0.13081
0 0.54253 0.0515 0.13071 0.10274
0 0.68389 0.44866 0.14493 0.20194
0 0.30309 0.37614 0.13612 0.16065
0 0.30576 0.06317 0.0704 0.10263
0 0.47989 0.71515 0.13465 0.12626
0 0.28771 0.59623 0.14262 0.13388
0 0.44663 0.93479 0.09691 0.12871
0 0.65223 0.67467 0.13811 0.11832
0 0.60353 0.92586 0.12273 0.10657
0 0.47762 0.47693 0.13037 0.10508
0 0.45867 0.17854 0.13655 0.13994
0 0.68058 0.94085 0.12932 0.11732
0 0.45501 0.06477 0.10843 0.1282
0 0.31914 0.70758 0.13778 0.09066
0 0.59656 0.32563 0.10341 0.11706
0 0.41223 0.41477 0.20522 0.21033
0 0.53802 0.96777 0.11217 0.06327
0 0.75384 0.77137 0.12519 0.2282
0 0.60157 0.47013 0.11311 0.10889
0 0.69419 0.03781 0.08111 0.07477
0 0.75966 0.59444 0.12686 0.15555
0 0.68003 0.59905 0.10974 0.07404
0 0.28261 0.46147 0.10589 0.06696
0 0.72025 0.05801 0.13356 0.11556
0 0.5498 0.27182 0.13592 0.08418
0 0.3315 0.97608 0.1017 0.04714
0 0.75663 0.0752 0.06073 0.08091
0 0.76266 0.80465 0.1074 0.16168
0 0.53245 0.81045 0.10213 0.11552
0 0.72682 0.27698 0.15752 0.06992
0 0.33636 0.70649 0.10261 0.08791
0 0.49202 0.57854 0.08731 0.1104
0 0.44736 0.78341 0.09033 0.13256
0 0.54406 0.61361 0.10727 0.15285
0 0.65266 0.44969 0.20746 0.20464
0 0.28421 0.61234 0.13576 0.099
0 0.43987 0.39471 0.15171 0.16917
