0 0.82639 0.91196 0.19943 0.17456
0 0.75164 0.19916 0.08911 0.10568
0 0.81322 0.60873 0.08766 0.08451
0 0.73556 0.31194 0.11876 0.15003
0 0.49623 0.93829 0.19941 0.12223
0 0.18348 0.94552 0.1012 0.10749
0 0.4733 0.34301 0.12575 0.29262
0 0.20862 0.83076 0.08749 0.11844
0 0.21739 0.45083 0.15467 0.19209
0 0.69347 0.70538 0.12819 0.24466
0 0.63388 0.17981 0.07043 0.10911
0 0.38449 0.93203 0.10097 0.07623
0 0.60727 0.65032 0.15958 0.19139
0 0.32699 0.18877 0.06354 0.10993
0 0.43268 0.15806 0.15323 0.30223
0 0.43963 0.79588 0.16514 0.176
0 0.32096 0.08025 0.06076 0.12634
0 0.23475 0.69705 0.12588 0.09981
0 0.64437 0.17665 0.04862 0.10313
0 0.58965 0.34019 0.11503 0.14527
0 0.36751 0.36204 0.0961 0.16758
0 0.67097 0.95101 0.1175 0.09644
0 0.18542 0.61014 0.13898 0.11712
0 0.20828 0.6491 0.18373 0.1947
0 0.38026 0.10944 0.07818 0.07032
0 0.26932 0.40608 0.0538 0.11939
0 0.22816 0.4254 0.05987 0.12072
0 0.39753 0.22646 0.08203 0.16678
0 0.34322 0.47449 0.10985 0.06555
0 0.66251 0.46077 0.06413 0.11696
0 0.64018 0.22702 0.08828 0.20309
0 0.53706 0.12608 0.13181 0.20804
0 0.45148 0.13426 0.1144 0.25599
0 0.75467 0.74482 0.1408 0.12507
0 0.26498 0.62853 0.09211 0.0868
0 0.65373 0.27802 0.06326 0.10261
0 0.36789 0.6618 0.07819 0.07131
0 0.52872 0.61137 0.14679 0.14398
0 0.35033 0.79455 0.06007 0.08864
0 0.32524 0.13046 0.06914 0.22613
0 0.47274 0.37749 0.12406 0.21798
0 0.18499 0.5862 0.13726 0.06938
0 0.42315 0.78667 0.19869 0.19732
