0 0.54622 0.28286 0.16282 0.20794
0 0.53947 0.60106 0.09697 0.16968
0 0.51143 0.12558 0.09388 0.12237
0 0.67463 0.04078 0.16395 0.08121
0 0.66256 0.69695 0.08707 0.22197
0 0.67682 0.35585 0.11235 0.1472
0 0.81574 0.48957 0.13803 0.13693
0 0.32041 0.96117 0.14797 0.07597
0 0.6952 0.53911 0.10869 0.16532
0 0.4119 0.25458 0.1006 0.12609
0 0.79302 0.2112 0.04252 0.12168
0 0.27684 0.64225 0.13538 0.13649
0 0.49473 0.79357 0.11255 0.11703
0 0.75902 0.68786 0.11915 0.14318
0 0.33491 0.41335 0.12465 0.21184
0 0.87572 0.32191 0.16958 0.07599
0 0.25477 0.44916 0.05946 0.09053
0 0.91842 0.34088 0.08525 0.03751
0 0.41488 0.47627 0.15061 0.13818
0 0.82878 0.82376 0.16081 0.14486
0 0.83728 0.03371 0.04253 0.06751
0 0.59896 0.23073 0.10445 0.12436
0 0.8265 0.85605 0.16574 0.20907
0 0.84828 0.31614 0.11459 0.06426
0 0.37334 0.66157 0.12335 0.1382
0 0.30617 0.04129 0.08104 0.08251
0 0.75077 0.58049 0.06297 0.08686
0 0.75866 0.96457 0.10873 0.06952
0 0.30125 0.75402 0.08159 0.08521
0 0.73343 0.22864 0.04077 0.09134
0 0.3477 0.16863 0.0797 0.09162
0 0.82992 0.90074 0.12793 0.12174
0 0.50485 0.9324 0.07544 0.13303
0 0.28912 0.62169 0.09932 0.09436
0 0.4063 0.9125 0.0883 0.12111
0 0.4103 0.04878 0.10665 0.0486
0 0.32617 0.80906 0.11911 0.09118
0 0.45795 0.62606 0.08458 0.14326
0 0.59003 0.80373 0.08152 0.11677
0 0.35069 0.84491 0.14032 0.15453
0 0.66473 0.23736 0.08869 0.11619
0 0.61269 0.67275 0.0572 0.11693
0 0.79281 0.22687 0.04457 0.15376
