0 0.79944 0.1537 0.1328 0.1271
0 0.66166 0.79911 0.13579 0.08685
0 0.5294 0.34236 0.14001 0.18727
0 0.5853 0.66579 0.12883 0.2114
0 0.38298 0.09388 0.08521 0.18722
0 0.38988 0.93365 0.14768 0.13086
0 0.29333 0.75313 0.10723 0.12508
0 0.29668 0.95671 0.1122 0.08472
0 0.2952 0.34515 0.10363 0.10413
0 0.48888 0.55995 0.09123 0.17803
0 0.77905 0.36072 0.08807 0.17005
0 0.55784 0.1942 0.21503 0.18647
0 0.67601 0.94072 0.07607 0.11594
0 0.89143 0.60035 0.13148 0.09317
0 0.86518 0.55952 0.18321 0.1745
0 0.47508 0.14823 0.14606 0.12708
0 0.65842 0.27873 0.07164 0.15651
0 0.75726 0.027 0.07063 0.05393
0 0.32245 0.37266 0.15864 0.15876
0 0.55064 0.82516 0.09161 0.09552
0 0.8857 0.01071 0.07467 0.02155
0 0.39839 0.75256 0.13611 0.13068
0 0.82419 0.54083 0.09775 0.1369
0 0.40023 0.51745 0.10762 0.0849
0 0.76746 0.71836 0.10802 0.09939
0 0.4996 0.24096 0.10028 0.09421
0 0.30707 0.11532 0.08925 0.09213
0 0.42013 0.84674 0.0894 0.09715
0 0.7565 0.73459 0.12972 0.13309
0 0.40044 0.49167 0.10895 0.13636
0 0.29087 0.66542 0.08973 0.14499
0 0.79825 0.47383 0.09743 0.08043
0 0.71407 0.60183 0.0644 0.18446
0 0.70388 0.23468 0.03505 0.15962
0 0.33983 0.41179 0.12245 0.08116
0 0.43269 0.66019 0.07002 0.1494
0 0.54554 0.45093 0.13218 0.1247
0 0.36951 0.792 0.07977 0.10894
0 0.39125 0.34257 0.08306 0.1032
0 0.61068 0.14796 0.10545 0.09539
0 0.77728 0.39447 0.08388 0.22086
0 0.5994 0.91075 0.06574 0.04494
0 0.41355 0.57063 0.08826 0.08086
0 0.25949 0.53918 0.07219 0.09181
0 0.31761 0.19994 0.10938 0.09134
0 0.56178 0.82763 0.11495 0.10111
0 0.27184 0.54165 0.09674 0.09723
0 0.78045 0.34365 0.09115 0.11283
0 0.77817 0.39001 0.0857 0.23154
