0 0.36465 0.4613 0.14302 0.1642
0 0.81319 0.50025 0.11119 0.09856
0 0.55558 0.2244 0.11447 0.21236
0 0.59023 0.13439 0.14942 0.15672
0 0.71882 0.5866 0.12495 0.18224
0 0.47888 0.0942 0.1084 0.10682
0 0.74704 0.31722 0.07609 0.1214
0 0.37254 0.62429 0.11893 0.11064
0 0.81669 0.6522 0.08557 0.12215
0 0.59958 0.53936 0.10532 0.15511
0 0.72129 0.72715 0.1186 0.13901
0 0.41478 0.80182 0.08804 0.12987
0 0.54925 0.04439 0.0639 0.08546
0 0.52573 0.85566 0.09201 0.09677
0 0.45656 0.94108 0.09523 0.11713
0 0.80807 0.92568 0.10746 0.08721
0 0.56019 0.6837 0.13897 0.1134
0 0.44057 0.66023 0.10144 0.11985
0 0.60255 0.42864 0.08927 0.13631
0 0.39349 0.89266 0.09333 0.09718
0 0.40209 0.64439 0.17756 0.15177
0 0.76211 0.83454 0.11625 0.12654
0 0.48046 0.47594 0.09507 0.09441
0 0.4732 0.37637 0.09085 0.16964
0 0.65726 0.79 0.07324 0.12695
0 0.74748 0.97091 0.05856 0.05733
0 0.68627 0.95487 0.09972 0.08944
0 0.53288 0.27081 0.06991 0.12109
0 0.68425 0.97156 0.0779 0.05599
0 0.73115 0.45061 0.06083 0.08215
0 0.58176 0.20453 0.06226 0.17194
0 0.63008 0.62387 0.07542 0.06433
0 0.68737 0.44473 0.09597 0.10371
0 0.67922 0.28457 0.06323 0.08894
0 0.6547 0.35727 0.07649 0.11124
0 0.76207 0.82333 0.11657 0.14831
0 0.60981 0.8515 0.08095 0.10243
0 0.79976 0.74496 0.05783 0.08228
0 0.70166 0.44498 0.11596 0.10414
0 0.76292 0.80781 0.11886 0.17798
0 0.46501 0.37958 0.06574 0.16411
0 0.76218 0.84918 0.11578 0.09535
