0 0.72494 0.79933 0.15368 0.1284
0 0.68345 0.28133 0.14195 0.11445
0 0.55149 0.36581 0.15464 0.19888
0 0.47573 0.8622 0.1477 0.21449
0 0.52532 0.53062 0.17557 0.16553
0 0.20977 0.19817 0.16455 0.16738
0 0.56406 0.65654 0.13789 0.16958
0 0.32244 0.02271 0.08436 0.04547
0 0.36833 0.4509 0.15637 0.13331
0 0.61381 0.1941 0.10843 0.14712
0 0.58692 0.86222 0.09556 0.12647
0 0.67722 0.48117 0.10045 0.16469
0 0.24453 0.54577 0.0899 0.10733
0 0.2818 0.91187 0.10503 0.1749
0 0.28833 0.24479 0.10008 0.15982
0 0.2913 0.09139 0.11142 0.15246
0 0.67972 0.13384 0.10532 0.07227
0 0.61952 0.95405 0.1158 0.09088
0 0.68833 0.91343 0.11531 0.14205
0 0.4194 0.15054 0.16032 0.12233
0 0.23176 0.38457 0.16105 0.14323
0 0.22764 0.9331 0.09185 0.1329
0 0.66899 0.68248 0.04278 0.13962
0 0.3635 0.95537 0.1115 0.08808
0 0.31746 0.319 0.11046 0.12574
0 0.43723 0.6045 0.08264 0.09506
0 0.2109 0.36211 0.11911 0.09707
0 0.28963 0.73265 0.08178 0.17141
0 0.59579 0.95338 0.06934 0.09175
0 0.24565 0.81802 0.05033 0.10719
0 0.32444 0.62065 0.09838 0.08044
0 0.25819 0.40355 0.11025 0.10604
0 0.40666 0.39264 0.11587 0.08995
0 0.57208 0.63205 0.15468 0.22387
0 0.37763 0.43309 0.17469 0.16924
