0 0.76573 0.06764 0.12163 0.09046
0 0.26818 0.04482 0.13322 0.08961
0 0.65511 0.15612 0.14125 0.18467
0 0.64701 0.30068 0.13444 0.16113
0 0.61379 0.6432 0.10962 0.17612
0 0.75547 0.57123 0.12302 0.0891
0 0.46552 0.26175 0.15423 0.15651
0 0.76288 0.24268 0.09872 0.13443
0 0.68991 0.41383 0.12749 0.14419
0 0.30926 0.39357 0.09244 0.12149
0 0.49642 0.08242 0.13576 0.16347
0 0.25972 0.18854 0.13486 0.09657
0 0.32759 0.95093 0.11697 0.09688
0 0.68232 0.63424 0.069 0.11249
0 0.54694 0.17423 0.09059 0.10407
0 0.52408 0.76329 0.10752 0.08295
0 0.69709 0.85434 0.08692 0.12596
0 0.52047 0.46662 0.10693 0.11558
0 0.57823 0.3696 0.09131 0.13039
0 0.3303 0.22188 0.12527 0.10404
0 0.36317 0.59112 0.09918 0.19442
0 0.31553 0.79318 0.10856 0.20739
0 0.67313 0.03299 0.07701 0.06598
0 0.43969 0.44215 0.08536 0.0749
0 0.29235 0.20704 0.19996 0.13426
0 0.30344 0.50187 0.09611 0.10396
0 0.2467 0.97965 0.04298 0.03946
0 0.74558 0.96482 0.0578 0.06876
0 0.43147 0.82512 0.09451 0.17245
0 0.54687 0.18854 0.09349 0.13203
0 0.53832 0.69431 0.09587 0.08484
0 0.33388 0.84089 0.07129 0.11391
0 0.37807 0.75877 0.06369 0.0959
0 0.61024 0.56484 0.1038 0.08772
0 0.7387 0.34264 0.06102 0.08457
0 0.30116 0.75439 0.07971 0.12993
0 0.34483 0.63664 0.06319 0.10529
0 0.40142 0.02222 0.1107 0.04457
0 0.72686 0.93501 0.09248 0.1281
0 0.36368 0.57354 0.09494 0.15657
0 0.3119 0.95099 0.0843 0.09643
