0 0.64642 0.14684 0.14579 0.17575
0 0.63083 0.28186 0.14982 0.17
0 0.46647 0.24521 0.15259 0.1499
0 0.58805 0.61648 0.11567 0.17745
0 0.29709 0.04227 0.12546 0.08464
0 0.77886 0.56481 0.1294 0.09193
0 0.67017 0.39954 0.12373 0.14417
0 0.76077 0.23535 0.09937 0.13327
0 0.52713 0.17204 0.0997 0.11146
0 0.67369 0.61925 0.07775 0.10717
0 0.32725 0.35952 0.08889 0.10725
0 0.2862 0.17355 0.11856 0.08602
0 0.45536 0.08211 0.13072 0.14938
0 0.3311 0.89478 0.11214 0.14906
0 0.68559 0.03071 0.08879 0.06145
0 0.76696 0.06243 0.12782 0.09165
0 0.74557 0.90598 0.10747 0.07244
0 0.37359 0.53933 0.08616 0.17618
0 0.52168 0.4537 0.09665 0.08641
0 0.55785 0.35587 0.09951 0.12253
0 0.34386 0.20516 0.11255 0.09147
0 0.40356 0.76366 0.10006 0.15901
0 0.4305 0.40976 0.08383 0.06643
0 0.32582 0.46595 0.06092 0.0755
0 0.70978 0.8255 0.09213 0.09612
0 0.61155 0.85713 0.09276 0.10989
0 0.743 0.96433 0.07408 0.06948
0 0.51127 0.65309 0.08487 0.07513
0 0.32565 0.64314 0.06491 0.09035
0 0.52233 0.94722 0.09554 0.08174
0 0.3219 0.75814 0.06641 0.1034
0 0.43509 0.87284 0.05588 0.14226
0 0.4929 0.71585 0.09891 0.07677
0 0.65131 0.73127 0.04808 0.12202
0 0.37827 0.02184 0.04587 0.04364
0 0.33765 0.73549 0.09839 0.14916
0 0.38322 0.68594 0.07126 0.1453
0 0.56314 0.37168 0.08341 0.08919
0 0.74768 0.6849 0.0842 0.10144
0 0.37538 0.52712 0.08024 0.13879
0 0.76309 0.56447 0.09628 0.08985
