0 0.63195 0.15213 0.15138 0.17728
0 0.75985 0.0667 0.13535 0.09623
0 0.5607 0.63071 0.13004 0.18477
0 0.78141 0.58862 0.14287 0.09811
0 0.29926 0.04495 0.13793 0.08986
0 0.60857 0.29368 0.16331 0.17284
0 0.44934 0.24944 0.15286 0.14959
0 0.49966 0.17839 0.10624 0.10982
0 0.64895 0.42017 0.13298 0.14385
0 0.65813 0.64185 0.08381 0.11494
0 0.32057 0.88334 0.11779 0.14923
0 0.42353 0.09292 0.10823 0.14168
0 0.31902 0.35826 0.08405 0.10078
0 0.7478 0.94317 0.13053 0.08152
0 0.68448 0.03181 0.09747 0.06352
0 0.28458 0.17617 0.11352 0.08446
0 0.75136 0.24503 0.10226 0.14425
0 0.53488 0.36761 0.09166 0.12278
0 0.71015 0.85792 0.09851 0.10159
0 0.50868 0.46022 0.09189 0.08989
0 0.36355 0.53605 0.08183 0.17176
0 0.41069 0.41381 0.0869 0.06375
0 0.36553 0.70785 0.09479 0.18427
0 0.59652 0.86689 0.12055 0.12458
0 0.65613 0.39875 0.14778 0.18774
0 0.32469 0.46816 0.04492 0.06231
0 0.49512 0.03601 0.06685 0.07189
0 0.75479 0.98425 0.04443 0.02944
0 0.74629 0.71294 0.10147 0.12141
0 0.33799 0.20781 0.1067 0.08973
0 0.32288 0.63305 0.06094 0.08694
0 0.7204 0.4845 0.03307 0.1188
0 0.45039 0.77291 0.11915 0.09011
0 0.64978 0.75678 0.06288 0.1303
0 0.31607 0.72832 0.09112 0.1401
0 0.39122 0.04213 0.08128 0.08327
0 0.39159 0.05244 0.0831 0.10425
0 0.36793 0.5239 0.07141 0.14091
