0 0.381250 0.085417 0.175000 0.166667
0 0.560937 0.095833 0.178125 0.187500
0 0.517188 0.484375 0.143750 0.193750
0 0.607031 0.233333 0.142187 0.150000
0 0.622656 0.502083 0.092188 0.116667
0 0.254688 0.801042 0.128125 0.147917
0 0.752344 0.447917 0.145313 0.087500
0 0.680469 0.748958 0.101562 0.114583
0 0.235937 0.209375 0.090625 0.114583
0 0.453125 0.314583 0.106250 0.116667
0 0.721094 0.843750 0.132812 0.087500
0 0.219531 0.036458 0.185938 0.068750
0 0.303906 0.597917 0.104688 0.220833
0 0.482031 0.196875 0.101562 0.102083
0 0.704688 0.063542 0.100000 0.122917
0 0.714063 0.930208 0.081250 0.135417
0 0.341406 0.253125 0.098437 0.064583
0 0.691406 0.931250 0.151562 0.133333
0 0.396094 0.659375 0.135937 0.106250
0 0.546094 0.755208 0.092188 0.127083
0 0.612500 0.643750 0.093750 0.150000
0 0.458594 0.867708 0.104688 0.097917
0 0.546094 0.411458 0.110937 0.102083
0 0.228906 0.644792 0.064062 0.106250
0 0.434375 0.531250 0.090625 0.075000
0 0.297656 0.210417 0.067187 0.091667
0 0.679688 0.353125 0.031250 0.131250
0 0.615625 0.211458 0.159375 0.193750
0 0.309375 0.950000 0.093750 0.095833
0 0.298438 0.400000 0.084375 0.158333
