0 0.504687 0.481250 0.156250 0.204167
0 0.555469 0.092708 0.189062 0.181250
0 0.383594 0.080208 0.170313 0.156250
0 0.621875 0.508333 0.100000 0.125000
0 0.598437 0.230208 0.150000 0.152083
0 0.746094 0.861458 0.139063 0.089583
0 0.257812 0.777083 0.134375 0.154167
0 0.703906 0.351042 0.045312 0.139583
0 0.696875 0.763542 0.106250 0.114583
0 0.607031 0.201042 0.167187 0.210417
0 0.302344 0.579167 0.110937 0.212500
0 0.727344 0.943750 0.092188 0.108333
0 0.469531 0.189583 0.104688 0.100000
0 0.551562 0.751042 0.128125 0.139583
0 0.253125 0.197917 0.090625 0.108333
0 0.453125 0.303125 0.093750 0.114583
0 0.768750 0.455208 0.162500 0.093750
0 0.692187 0.059375 0.084375 0.114583
0 0.733594 0.145833 0.060937 0.112500
0 0.228125 0.619792 0.062500 0.102083
0 0.692187 0.943750 0.162500 0.108333
0 0.728125 0.603125 0.118750 0.131250
0 0.371094 0.639583 0.170313 0.125000
0 0.652344 0.943750 0.085938 0.108333
0 0.237500 0.031250 0.168750 0.058333
0 0.450781 0.863542 0.104688 0.089583
0 0.341406 0.241667 0.104688 0.062500
0 0.357812 0.773958 0.093750 0.177083
0 0.625000 0.647917 0.075000 0.150000
0 0.682031 0.627083 0.051562 0.087500
0 0.346094 0.226042 0.114062 0.093750
0 0.590625 0.777083 0.100000 0.104167
0 0.300781 0.916667 0.110937 0.141667
0 0.645312 0.397917 0.043750 0.091667
0 0.299219 0.930208 0.107813 0.114583
0 0.544531 0.410417 0.107813 0.112500
0 0.470313 0.172917 0.109375 0.137500
0 0.370312 0.626042 0.171875 0.152083
0 0.311719 0.380208 0.076563 0.168750
