0 0.76156 0.50771 0.16853 0.11575
0 0.55852 0.24315 0.17008 0.17876
0 0.46912 0.48123 0.15306 0.19529
0 0.77001 0.16445 0.10195 0.13846
0 0.6462 0.69433 0.12132 0.16995
0 0.74239 0.38471 0.08682 0.14576
0 0.36576 0.94483 0.11121 0.10873
0 0.59031 0.53293 0.10563 0.13503
0 0.53036 0.1109 0.18212 0.19401
0 0.77876 0.93907 0.12576 0.12044
0 0.70784 0.81681 0.10449 0.12913
0 0.75834 0.7989 0.09434 0.1759
0 0.76009 0.64854 0.15297 0.16356
0 0.57181 0.89992 0.12751 0.18306
0 0.44463 0.20641 0.09277 0.10406
0 0.35033 0.52536 0.10415 0.17407
0 0.30868 0.71024 0.08161 0.08479
0 0.35691 0.20438 0.05957 0.08622
0 0.41974 0.0825 0.11412 0.1498
0 0.57126 0.48398 0.1436 0.23173
0 0.64946 0.43192 0.09343 0.10458
0 0.34259 0.04471 0.07626 0.08751
0 0.73086 0.06965 0.12377 0.13908
0 0.75233 0.05578 0.08108 0.11116
0 0.42754 0.03006 0.10146 0.06013
0 0.38213 0.73236 0.11611 0.11907
0 0.6974 0.07127 0.0583 0.13877
0 0.69556 0.30231 0.0987 0.101
0 0.41561 0.60387 0.14306 0.09751
0 0.61346 0.39465 0.0781 0.11094
0 0.52142 0.73669 0.136 0.12655
0 0.52375 0.12787 0.16818 0.15744
