0 0.53807 0.09598 0.1945 0.188
0 0.79105 0.4782 0.18659 0.11205
0 0.48179 0.49164 0.16778 0.21394
0 0.76083 0.15371 0.07847 0.12576
0 0.38796 0.07828 0.16092 0.15646
0 0.52151 0.77471 0.13238 0.12936
0 0.57649 0.23983 0.15686 0.16249
0 0.63395 0.6947 0.09668 0.17945
0 0.30359 0.56803 0.12288 0.19581
0 0.45038 0.18233 0.11264 0.12401
0 0.45503 0.3028 0.07462 0.11293
0 0.74311 0.6394 0.11891 0.14147
0 0.60935 0.53002 0.10812 0.13352
0 0.70557 0.80397 0.11608 0.12745
0 0.71925 0.36366 0.05055 0.15262
0 0.25786 0.75971 0.13117 0.16779
0 0.57352 0.47986 0.17816 0.23261
0 0.37352 0.62248 0.13057 0.1404
0 0.59983 0.90459 0.10311 0.1859
0 0.26224 0.02903 0.13647 0.05821
0 0.33576 0.23899 0.10571 0.05798
0 0.59627 0.3871 0.0865 0.11396
0 0.67148 0.96424 0.10042 0.06896
0 0.27607 0.19237 0.08022 0.10095
0 0.59379 0.80287 0.10708 0.11248
0 0.73577 0.92813 0.10277 0.14018
0 0.73535 0.04842 0.05179 0.09597
0 0.34473 0.78435 0.10082 0.11777
0 0.69857 0.17292 0.06683 0.08545
0 0.52767 0.07484 0.17221 0.14536
0 0.68375 0.06186 0.0655 0.12196
0 0.29116 0.89015 0.12061 0.11902
0 0.25633 0.78686 0.12808 0.11333
0 0.57293 0.12761 0.12404 0.12481
0 0.53569 0.423 0.10271 0.12011
0 0.58393 0.21471 0.1721 0.21366
