0 0.72298 0.24387 0.18525 0.09168
0 0.391 0.23284 0.1827 0.22218
0 0.64711 0.13656 0.0522 0.16427
0 0.56043 0.49164 0.10283 0.19778
0 0.36466 0.06034 0.08051 0.12019
0 0.63322 0.60922 0.12013 0.14418
0 0.64953 0.84258 0.10412 0.1461
0 0.5288 0.28805 0.11626 0.14115
0 0.22133 0.90714 0.15372 0.18359
0 0.20656 0.35087 0.13963 0.22866
0 0.4427 0.55904 0.14317 0.14915
0 0.64901 0.94137 0.11253 0.11284
0 0.55036 0.89894 0.14031 0.17332
0 0.5057 0.73647 0.14978 0.2484
0 0.15813 0.56768 0.1443 0.13738
0 0.68172 0.76437 0.1257 0.17235
0 0.45138 0.17126 0.10602 0.12456
0 0.28535 0.41191 0.1444 0.14915
0 0.57888 0.18056 0.05942 0.10473
0 0.51732 0.6079 0.10855 0.11661
0 0.66048 0.4253 0.14232 0.14277
0 0.65421 0.48895 0.07958 0.10051
0 0.26085 0.18038 0.09811 0.11493
0 0.25468 0.59297 0.11788 0.15111
0 0.52163 0.15999 0.09534 0.12067
0 0.25642 0.16414 0.10969 0.15624
0 0.1154 0.39074 0.05513 0.09449
0 0.52565 0.4152 0.08286 0.06765
0 0.64411 0.48453 0.09978 0.11152
0 0.17102 0.54404 0.10367 0.08976
0 0.15609 0.59245 0.1409 0.08649
0 0.52727 0.25558 0.11971 0.20621
0 0.21486 0.0939 0.08229 0.09182
0 0.19487 0.72767 0.12699 0.12357
0 0.2417 0.96886 0.12105 0.06114
0 0.36323 0.70832 0.12919 0.10735
0 0.21667 0.88886 0.13841 0.1463
0 0.52217 0.71791 0.11328 0.21228
