0 0.91911 0.90521 0.16065 0.18819
0 0.80288 0.22904 0.0728 0.0966
0 0.42951 0.65691 0.09795 0.09947
0 0.78655 0.33412 0.12791 0.14174
0 0.44298 0.17268 0.08631 0.12896
0 0.31672 0.46494 0.15017 0.2154
0 0.59133 0.22635 0.08926 0.17229
0 0.37539 0.89339 0.08623 0.14341
0 0.2986 0.64591 0.14178 0.12558
0 0.52923 0.05956 0.05783 0.0722
0 0.65694 0.6045 0.08219 0.1962
0 0.83034 0.96274 0.0864 0.07299
0 0.64607 0.3393 0.09574 0.26791
0 0.61108 0.1596 0.12941 0.30617
0 0.43756 0.41656 0.08502 0.13721
0 0.71566 0.19706 0.03819 0.09829
0 0.60013 0.82611 0.17117 0.18393
0 0.33449 0.43529 0.08133 0.13431
0 0.3697 0.73892 0.12638 0.1156
0 0.84478 0.59723 0.05427 0.04718
0 0.4237 0.11052 0.11416 0.09548
0 0.49705 0.06716 0.06487 0.13385
0 0.55043 0.21529 0.05504 0.05807
0 0.58117 0.82046 0.2081 0.19931
0 0.40101 0.98103 0.09773 0.03626
0 0.61014 0.02065 0.13266 0.04144
0 0.64814 0.94573 0.28234 0.10689
0 0.56208 0.96518 0.11363 0.06827
0 0.30888 0.4361 0.13224 0.1559
0 0.83865 0.70442 0.1657 0.25387
0 0.69398 0.94687 0.18913 0.10426
0 0.6349 0.37435 0.07415 0.18844
0 0.51231 0.2958 0.05556 0.10227
0 0.32166 0.98867 0.06761 0.02075
0 0.34024 0.75951 0.10472 0.1628
0 0.74411 0.6402 0.10631 0.14513
0 0.66167 0.28716 0.0438 0.16656
0 0.70429 0.20782 0.06186 0.12036
0 0.72828 0.66427 0.13979 0.19214
0 0.28902 0.43259 0.09398 0.15041
0 0.86645 0.65807 0.09075 0.15594
0 0.54181 0.36366 0.04522 0.16982
0 0.36364 0.75904 0.15226 0.16324
0 0.66117 0.34286 0.12749 0.2763
