0 0.3302 0.11332 0.14736 0.22665
0 0.46524 0.49255 0.13675 0.18746
0 0.67289 0.67405 0.09943 0.127
0 0.27478 0.94653 0.12142 0.1056
0 0.57249 0.37295 0.12525 0.19887
0 0.64012 0.52975 0.13123 0.17424
0 0.61648 0.13205 0.1532 0.17584
0 0.68688 0.95953 0.13313 0.07994
0 0.41039 0.95911 0.14259 0.08051
0 0.43306 0.6483 0.16129 0.1578
0 0.66656 0.28204 0.16462 0.08446
0 0.44944 0.80225 0.14595 0.16241
0 0.33583 0.54342 0.11465 0.09548
0 0.35247 0.72355 0.09123 0.1109
0 0.39627 0.3442 0.17733 0.14393
0 0.30849 0.2516 0.11127 0.11111
0 0.30823 0.42819 0.1431 0.15497
0 0.67693 0.36033 0.09557 0.079
0 0.25826 0.36869 0.10872 0.1156
0 0.53269 0.9608 0.10489 0.07728
0 0.6229 0.86107 0.11424 0.14465
0 0.28998 0.709 0.08985 0.05149
0 0.30723 0.88564 0.08461 0.07177
0 0.65127 0.86124 0.05709 0.14017
0 0.56599 0.33739 0.11102 0.12632
0 0.46754 0.77315 0.18237 0.21872
