0 0.59725 0.30213 0.14829 0.17373
0 0.5099 0.10439 0.1002 0.15666
0 0.35838 0.73749 0.14836 0.18911
0 0.52002 0.34598 0.07636 0.15416
0 0.50042 0.91333 0.13046 0.17113
0 0.58879 0.906 0.15371 0.18612
0 0.60597 0.44845 0.11198 0.1251
0 0.69714 0.3396 0.07572 0.12443
0 0.4594 0.7184 0.12268 0.14086
0 0.68418 0.13843 0.08691 0.10179
0 0.31969 0.08783 0.08503 0.11947
0 0.6364 0.65965 0.11581 0.15409
0 0.35708 0.52886 0.11845 0.10187
0 0.31491 0.19505 0.1097 0.14769
0 0.37351 0.39389 0.10656 0.13569
0 0.44781 0.48496 0.12687 0.18936
0 0.31246 0.29287 0.08878 0.0881
0 0.41701 0.24173 0.1074 0.17243
0 0.21965 0.77883 0.1437 0.06671
0 0.71765 0.90943 0.13154 0.17946
0 0.68272 0.56865 0.07575 0.0626
0 0.67975 0.23539 0.07245 0.1081
0 0.51292 0.62976 0.09989 0.11477
0 0.62539 0.04762 0.14542 0.09437
0 0.3162 0.45631 0.07485 0.09074
0 0.39932 0.10959 0.09846 0.13165
0 0.67711 0.46775 0.058 0.08353
0 0.70142 0.90907 0.09549 0.17857
0 0.25217 0.15937 0.05296 0.0795
0 0.29085 0.69738 0.07578 0.12233
0 0.61334 0.02851 0.12341 0.05696
0 0.32317 0.61919 0.08263 0.07166
0 0.64602 0.76621 0.15544 0.14001
0 0.67883 0.44055 0.07069 0.13757
0 0.65842 0.05801 0.07847 0.07259
0 0.47154 0.03254 0.07482 0.06492
