0 0.484375 0.413542 0.140625 0.168750
0 0.584375 0.586458 0.103125 0.177083
0 0.503906 0.052083 0.160938 0.100000
0 0.302344 0.479167 0.126562 0.200000
0 0.724219 0.382292 0.132812 0.077083
0 0.431250 0.120833 0.093750 0.091667
0 0.421094 0.251042 0.092188 0.143750
0 0.538281 0.148958 0.135937 0.106250
0 0.254688 0.934375 0.084375 0.127083
0 0.573438 0.376042 0.118750 0.139583
0 0.478906 0.734375 0.129688 0.102083
0 0.618750 0.919792 0.146875 0.156250
0 0.687500 0.861458 0.103125 0.164583
0 0.293750 0.172917 0.059375 0.091667
0 0.371875 0.066667 0.118750 0.129167
0 0.671094 0.719792 0.148438 0.177083
0 0.447656 0.600000 0.104688 0.070833
0 0.686719 0.128125 0.070312 0.102083
0 0.327344 0.190625 0.085938 0.060417
0 0.695312 0.631250 0.106250 0.100000
0 0.664844 0.039583 0.051562 0.075000
0 0.282031 0.026042 0.085938 0.047917
0 0.549219 0.375000 0.164062 0.145833
0 0.509375 0.921875 0.134375 0.147917
0 0.341406 0.348958 0.079687 0.097917
0 0.343750 0.923958 0.106250 0.147917
0 0.249219 0.648958 0.117188 0.118750
