0 0.86772 0.71745 0.1993 0.26472
0 0.40549 0.52791 0.12032 0.19067
0 0.29371 0.33655 0.1684 0.24835
0 0.25483 0.7203 0.16969 0.11723
0 0.82315 0.52339 0.18743 0.19307
0 0.30066 0.5719 0.11566 0.09707
0 0.46125 0.72586 0.11376 0.11249
0 0.54113 0.38202 0.19539 0.20291
0 0.27406 0.90605 0.09176 0.1054
0 0.35576 0.39333 0.08365 0.12909
0 0.24672 0.15901 0.15039 0.17351
0 0.71122 0.7518 0.12808 0.14176
0 0.89672 0.9667 0.06003 0.065
0 0.63343 0.11033 0.10834 0.20832
0 0.37132 0.82916 0.11428 0.21797
0 0.84379 0.97397 0.05938 0.05048
0 0.2678 0.97287 0.08668 0.05261
0 0.27476 0.05425 0.11439 0.10832
0 0.38709 0.15104 0.13871 0.07117
0 0.46269 0.91671 0.06335 0.16445
0 0.68558 0.82273 0.07732 0.12184
0 0.64722 0.52529 0.1951 0.10339
0 0.54431 0.50217 0.11174 0.10723
0 0.75412 0.62861 0.10588 0.13199
0 0.43973 0.03539 0.17623 0.07064
0 0.75225 0.29056 0.16122 0.20808
0 0.58085 0.67745 0.07757 0.12655
0 0.35518 0.96048 0.08867 0.07766
0 0.55305 0.84928 0.10407 0.157
0 0.66702 0.6624 0.08422 0.09732
0 0.69668 0.26044 0.16253 0.15196
0 0.4864 0.59571 0.12734 0.11209
0 0.40304 0.15716 0.10625 0.05918
0 0.74692 0.95029 0.03817 0.09807
0 0.72434 0.2899 0.21657 0.21144
0 0.31899 0.51206 0.06676 0.07137
0 0.68531 0.02828 0.07407 0.05625
0 0.51654 0.95306 0.07496 0.09208
0 0.76445 0.25417 0.18376 0.28274
0 0.71537 0.9115 0.06177 0.07704
0 0.58477 0.56161 0.31705 0.17749
0 0.30179 0.55257 0.11645 0.15018
