0 0.81281 0.57393 0.22323 0.23229
0 0.6453 0.79521 0.20956 0.31606
0 0.65799 0.26564 0.15548 0.29406
0 0.24658 0.08755 0.14023 0.17451
0 0.17048 0.50039 0.07475 0.14514
0 0.6258 0.57619 0.13164 0.18239
0 0.40634 0.39484 0.18497 0.18178
0 0.49138 0.6573 0.16884 0.13545
0 0.84737 0.27541 0.09165 0.09883
0 0.51253 0.14167 0.13227 0.10059
0 0.20801 0.39607 0.08108 0.08957
0 0.21874 0.22395 0.14199 0.10865
0 0.36028 0.50269 0.0883 0.0883
0 0.26631 0.9262 0.16389 0.14586
0 0.24671 0.29702 0.11815 0.09226
0 0.19746 0.81871 0.06113 0.14715
0 0.39934 0.94615 0.12438 0.10651
0 0.4675 0.53459 0.1835 0.08207
0 0.33397 0.09008 0.10214 0.06344
0 0.74778 0.8598 0.06773 0.11095
0 0.68113 0.10008 0.09702 0.13637
0 0.4667 0.04469 0.12508 0.0897
0 0.48826 0.19523 0.18444 0.20726
0 0.2243 0.95763 0.08041 0.08296
0 0.52377 0.95882 0.10151 0.08093
0 0.55653 0.30406 0.08452 0.13894
0 0.46751 0.23247 0.1424 0.1301
0 0.49938 0.79125 0.11786 0.15443
0 0.406 0.807 0.06249 0.13601
0 0.7486 0.01712 0.0588 0.03426
0 0.29003 0.74859 0.11694 0.18942
0 0.2345 0.64778 0.08333 0.06046
0 0.20748 0.53057 0.07312 0.07489
0 0.73544 0.38483 0.14079 0.12062
0 0.29665 0.92639 0.10512 0.14544
0 0.30623 0.6829 0.08818 0.09661
0 0.22079 0.20667 0.14583 0.07475
0 0.77487 0.79709 0.06311 0.08685
0 0.22737 0.25179 0.08535 0.0546
0 0.72501 0.38429 0.11736 0.11945
0 0.62441 0.55487 0.12666 0.13763
