0 0.40411 0.09087 0.09946 0.14897
0 0.27872 0.07962 0.14696 0.15881
0 0.50793 0.15353 0.09348 0.10018
0 0.65939 0.63275 0.07243 0.11769
0 0.76897 0.34454 0.1614 0.27248
0 0.2584 0.59502 0.09345 0.10973
0 0.27956 0.71698 0.14204 0.1353
0 0.5092 0.85877 0.10162 0.21447
0 0.25404 0.34062 0.15099 0.05997
0 0.26915 0.50828 0.08249 0.09019
0 0.76948 0.36395 0.16049 0.23268
0 0.31523 0.93244 0.12441 0.13315
0 0.45709 0.61232 0.12289 0.19381
0 0.53254 0.0733 0.07165 0.07472
0 0.82077 0.95449 0.16016 0.0895
0 0.67832 0.26722 0.08823 0.16034
0 0.32761 0.57068 0.05421 0.10319
0 0.35528 0.42023 0.09475 0.13889
0 0.4381 0.34508 0.09066 0.07334
0 0.80902 0.68023 0.03392 0.1115
0 0.43226 0.7655 0.08846 0.11335
0 0.68845 0.90635 0.14849 0.17853
0 0.44682 0.44026 0.06094 0.14761
0 0.72566 0.81456 0.03677 0.10677
0 0.35049 0.78741 0.10371 0.08054
0 0.71887 0.46641 0.06903 0.07448
0 0.5742 0.72209 0.06793 0.10129
0 0.62578 0.41593 0.06736 0.10281
0 0.79749 0.65812 0.05875 0.17696
0 0.35557 0.43798 0.09651 0.1782
0 0.30892 0.19013 0.10414 0.09902
0 0.75352 0.62915 0.09155 0.07026
0 0.86497 0.94825 0.07547 0.07903
0 0.52981 0.33588 0.06312 0.08583
0 0.73582 0.70202 0.08912 0.09986
0 0.25432 0.32423 0.15216 0.09341
0 0.56598 0.94785 0.065 0.10246
0 0.61412 0.52765 0.07004 0.10257
0 0.64358 0.40407 0.10288 0.12306
0 0.70196 0.90611 0.11946 0.17109
0 0.59568 0.80125 0.06364 0.0945
0 0.79421 0.60474 0.05224 0.07074
0 0.80408 0.95755 0.12655 0.08315
0 0.60769 0.31612 0.07062 0.07851
0 0.75105 0.25892 0.07694 0.10861
0 0.39413 0.29432 0.07495 0.07588
0 0.30987 0.87693 0.10788 0.08436
0 0.57564 0.66913 0.10158 0.10767
0 0.5103 0.87469 0.09792 0.17576
0 0.29161 0.70268 0.16787 0.16551
