0 0.72906 0.09642 0.16268 0.19266
0 0.76074 0.94355 0.14857 0.11186
0 0.56583 0.88485 0.18893 0.15802
0 0.2382 0.29536 0.08588 0.10662
0 0.6171 0.32787 0.06817 0.12021
0 0.79101 0.81844 0.11289 0.05044
0 0.64438 0.93989 0.08632 0.11883
0 0.697 0.20502 0.07018 0.09201
0 0.24445 0.2107 0.06666 0.07994
0 0.56597 0.29448 0.09051 0.08418
0 0.60343 0.11602 0.10162 0.11864
0 0.66989 0.62472 0.13183 0.14623
0 0.47242 0.78105 0.1072 0.21048
0 0.76846 0.38115 0.04539 0.10838
0 0.3074 0.61394 0.15037 0.1331
0 0.58663 0.3198 0.13049 0.13566
0 0.45439 0.51619 0.10205 0.20077
0 0.32825 0.12625 0.09875 0.12202
0 0.56661 0.03306 0.05749 0.06514
0 0.2949 0.25793 0.04891 0.08467
0 0.55589 0.71888 0.09443 0.07318
0 0.23863 0.25985 0.08764 0.17706
0 0.31881 0.39677 0.08603 0.08437
0 0.45948 0.38892 0.08952 0.1151
0 0.69217 0.77254 0.11404 0.06626
0 0.394 0.10483 0.0552 0.13119
0 0.77091 0.49386 0.0308 0.09606
0 0.49786 0.07 0.06215 0.09136
0 0.26859 0.44239 0.11826 0.10004
0 0.40934 0.3094 0.10779 0.15088
0 0.6751 0.70936 0.1138 0.07378
0 0.31468 0.84829 0.09074 0.12658
0 0.57234 0.53261 0.06324 0.07619
0 0.53098 0.40378 0.06247 0.09527
0 0.39616 0.81811 0.08389 0.09029
0 0.72255 0.3454 0.06149 0.04413
0 0.38923 0.42479 0.07598 0.10661
0 0.75606 0.31945 0.0446 0.05427
0 0.51336 0.14609 0.07639 0.07928
0 0.76548 0.67143 0.10115 0.06667
0 0.42223 0.30752 0.07996 0.14362
0 0.8278 0.65031 0.07314 0.07342
0 0.56464 0.27933 0.0867 0.05434
