0 0.75042 0.09416 0.2031 0.18824
0 0.6592 0.95462 0.08348 0.08932
0 0.60808 0.3303 0.062 0.12187
0 0.77397 0.95932 0.1211 0.08
0 0.3093 0.60227 0.14989 0.13186
0 0.53132 0.88837 0.1852 0.15695
0 0.53981 0.2804 0.09461 0.05548
0 0.25901 0.30269 0.07481 0.09833
0 0.39398 0.06113 0.08998 0.05578
0 0.27101 0.95069 0.16339 0.09719
0 0.74596 0.19905 0.07465 0.08625
0 0.77416 0.38945 0.05908 0.11031
0 0.46017 0.38631 0.12969 0.12448
0 0.26724 0.22525 0.0693 0.07621
0 0.41459 0.27582 0.05615 0.08864
0 0.82521 0.86131 0.13058 0.06124
0 0.32427 0.83261 0.09166 0.13359
0 0.77863 0.4975 0.05382 0.12934
0 0.79182 0.34085 0.07105 0.10429
0 0.60238 0.53837 0.06407 0.07761
0 0.44287 0.78673 0.11306 0.20044
0 0.68679 0.64519 0.11447 0.14111
0 0.3043 0.43892 0.07878 0.0918
0 0.61173 0.08719 0.12575 0.17325
0 0.36184 0.42004 0.05469 0.1178
0 0.74145 0.78218 0.12904 0.1145
0 0.43114 0.15255 0.07122 0.07898
0 0.36029 0.1315 0.0578 0.11171
0 0.27277 0.8651 0.05219 0.10152
0 0.60978 0.11289 0.10323 0.1222
0 0.70144 0.40868 0.08483 0.06339
0 0.64271 0.49711 0.04348 0.10711
0 0.43839 0.76707 0.10372 0.1575
0 0.54126 0.14939 0.06023 0.0688
0 0.7425 0.4744 0.02711 0.10368
0 0.59449 0.95675 0.07243 0.08424
0 0.42862 0.76753 0.08386 0.1534
0 0.32853 0.33329 0.07941 0.07425
0 0.67029 0.86401 0.10067 0.09926
0 0.74145 0.73372 0.14162 0.07118
0 0.54308 0.72869 0.09618 0.06549
0 0.31258 0.70976 0.12577 0.07493
0 0.43479 0.24379 0.08479 0.08604
0 0.33745 0.16438 0.09827 0.15565
0 0.41919 0.93283 0.05397 0.13162
0 0.76803 0.49201 0.07603 0.14161
