0 0.8811 0.79882 0.16746 0.22847
0 0.8117 0.10856 0.08088 0.10004
0 0.79788 0.21564 0.12116 0.14098
0 0.82008 0.95882 0.16821 0.08071
0 0.57022 0.10298 0.14781 0.20543
0 0.34478 0.70639 0.07755 0.11275
0 0.4397 0.94299 0.09678 0.11227
0 0.34794 0.8425 0.09267 0.15581
0 0.32096 0.33999 0.14113 0.19146
0 0.58981 0.80107 0.23329 0.13973
0 0.72596 0.08303 0.0439 0.09509
0 0.69762 0.53662 0.15316 0.17865
0 0.6015 0.23823 0.10061 0.28331
0 0.44972 0.08837 0.07944 0.13361
0 0.29147 0.81251 0.05859 0.08784
0 0.75784 0.8355 0.10131 0.11242
0 0.40482 0.30202 0.06514 0.12357
0 0.30737 0.90627 0.10927 0.08256
0 0.68684 0.94596 0.14572 0.10484
0 0.8116 0.56535 0.15115 0.21915
0 0.59781 0.27874 0.09298 0.20057
0 0.53576 0.12551 0.07894 0.15991
0 0.43569 0.02822 0.08826 0.05638
0 0.31574 0.31813 0.12956 0.1477
0 0.76516 0.85681 0.11653 0.15505
0 0.49105 0.26435 0.09109 0.18037
0 0.34209 0.30876 0.06739 0.11707
0 0.39613 0.5157 0.08275 0.07943
0 0.57132 0.91983 0.05332 0.11148
0 0.5106 0.78973 0.09849 0.07941
0 0.60237 0.07297 0.08305 0.14572
0 0.375 0.95156 0.07688 0.09513
0 0.55594 0.66379 0.1566 0.17633
0 0.29913 0.49599 0.12269 0.10946
0 0.68177 0.24241 0.08227 0.12936
0 0.57456 0.46265 0.0745 0.22266
0 0.32469 0.53225 0.17413 0.18219
0 0.70479 0.13722 0.08397 0.15303
0 0.45057 0.36543 0.09213 0.06243
0 0.79579 0.88716 0.0562 0.09634
0 0.36197 0.57979 0.09473 0.08704
0 0.30459 0.31812 0.10772 0.1477
0 0.58869 0.48309 0.04409 0.18098
0 0.4519 0.85678 0.06818 0.09431
0 0.35143 0.57444 0.11851 0.09887
0 0.32856 0.84266 0.13203 0.15631
0 0.67749 0.9278 0.16643 0.14116
