0 0.69457 0.85848 0.20594 0.24717
0 0.79965 0.61852 0.18511 0.23472
0 0.4981 0.61109 0.18646 0.13342
0 0.20599 0.11572 0.16282 0.21334
0 0.48405 0.08554 0.12092 0.17075
0 0.33336 0.74569 0.09466 0.10859
0 0.80066 0.30176 0.08493 0.08968
0 0.65595 0.65667 0.11832 0.17976
0 0.60755 0.33887 0.16557 0.18537
0 0.20563 0.63457 0.10649 0.15518
0 0.18274 0.28306 0.14365 0.12397
0 0.22235 0.50106 0.0842 0.10523
0 0.37537 0.06385 0.09998 0.12716
0 0.44667 0.47712 0.15931 0.15733
0 0.69201 0.39517 0.12564 0.23298
0 0.2227 0.08571 0.06013 0.12987
0 0.24009 0.37139 0.13357 0.09841
0 0.27274 0.07473 0.06002 0.1371
0 0.39497 0.59666 0.09471 0.06644
0 0.27149 0.30817 0.08907 0.08645
0 0.21075 0.32074 0.19882 0.19869
0 0.46501 0.87976 0.04322 0.13393
0 0.34532 0.14727 0.10789 0.06768
0 0.42148 0.94717 0.126 0.10465
0 0.73506 0.03178 0.08106 0.06345
0 0.39444 0.60949 0.09654 0.09334
0 0.6681 0.14286 0.05761 0.1196
0 0.58915 0.95174 0.07643 0.0939
0 0.52752 0.30153 0.16283 0.14841
0 0.24174 0.68285 0.08361 0.10345
0 0.36581 0.34179 0.07711 0.06621
0 0.55252 0.83857 0.10805 0.11725
0 0.56612 0.80161 0.13645 0.18952
0 0.57416 0.74927 0.1225 0.08557
0 0.37482 0.62938 0.13545 0.1339
0 0.65282 0.63765 0.11086 0.13729
0 0.18282 0.09178 0.11665 0.16604
0 0.70629 0.35822 0.09606 0.15597
0 0.44598 0.46174 0.16159 0.18911
0 0.42958 0.46366 0.19429 0.18685
0 0.2139 0.63583 0.08627 0.14928
0 0.42881 0.4774 0.1943 0.15831
0 0.25021 0.38035 0.11182 0.07866
