0 0.79768 0.57106 0.14658 0.20503
0 0.79321 0.79636 0.18991 0.21925
0 0.22189 0.14231 0.17297 0.24044
0 0.21873 0.33813 0.15211 0.12652
0 0.26892 0.70752 0.09387 0.10415
0 0.58094 0.06342 0.10738 0.12679
0 0.35978 0.72518 0.10891 0.17587
0 0.36266 0.35353 0.10048 0.10393
0 0.6825 0.03753 0.09872 0.07502
0 0.72699 0.63984 0.10062 0.13829
0 0.42291 0.8138 0.1019 0.1137
0 0.2473 0.79765 0.14313 0.11727
0 0.3621 0.08875 0.10263 0.15728
0 0.26921 0.44561 0.13865 0.17308
0 0.58593 0.28268 0.08401 0.19729
0 0.50269 0.50106 0.19459 0.16663
0 0.5709 0.6235 0.23346 0.15009
0 0.31969 0.57728 0.07767 0.13208
0 0.73191 0.37389 0.16916 0.24283
0 0.65396 0.82759 0.10996 0.12403
0 0.24638 0.10331 0.07643 0.14381
0 0.75643 0.37093 0.12019 0.23592
0 0.79128 0.97759 0.10067 0.04327
0 0.81357 0.97783 0.05603 0.04272
0 0.26976 0.93777 0.0758 0.08844
0 0.76454 0.97867 0.04785 0.04081
0 0.66305 0.78757 0.15032 0.20295
0 0.4473 0.06199 0.07661 0.1232
0 0.66639 0.73909 0.14512 0.11063
0 0.5058 0.1077 0.05481 0.14282
0 0.53913 0.74413 0.06658 0.10781
0 0.26787 0.98146 0.0724 0.03594
0 0.34344 0.87515 0.09084 0.17005
0 0.63229 0.3526 0.12574 0.17344
0 0.76676 0.33027 0.09888 0.15329
0 0.50692 0.89073 0.09012 0.15861
