0 0.86284 0.49859 0.22362 0.25589
0 0.84665 0.27874 0.22604 0.23289
0 0.27157 0.36253 0.11178 0.10206
0 0.36132 0.34898 0.12211 0.1969
0 0.25966 0.48172 0.15225 0.11983
0 0.52544 0.15462 0.23708 0.21798
0 0.44395 0.50269 0.11326 0.11637
0 0.39926 0.85791 0.12093 0.13677
0 0.31716 0.19758 0.08796 0.14877
0 0.28135 0.71839 0.09138 0.09444
0 0.6963 0.80943 0.07533 0.10864
0 0.79944 0.07509 0.18301 0.1494
0 0.59352 0.88158 0.07155 0.11375
0 0.63493 0.30013 0.21826 0.13661
0 0.70039 0.53288 0.12184 0.13614
0 0.33157 0.96547 0.09967 0.06778
0 0.74153 0.41774 0.12755 0.12927
0 0.63087 0.77092 0.10555 0.05807
0 0.32442 0.10868 0.24492 0.21698
0 0.87966 0.74974 0.06374 0.10784
0 0.60892 0.3001 0.27492 0.13968
0 0.78553 0.86823 0.1163 0.18289
0 0.28696 0.63918 0.07862 0.08465
0 0.43411 0.95753 0.06872 0.07561
0 0.47122 0.77991 0.08672 0.18368
0 0.86515 0.94752 0.0417 0.10286
0 0.32943 0.78669 0.10244 0.10084
0 0.87205 0.85218 0.05345 0.10194
0 0.78214 0.30272 0.09835 0.11316
0 0.82588 0.78829 0.10122 0.09573
0 0.37175 0.9369 0.06444 0.06687
0 0.87666 0.27156 0.16547 0.21911
0 0.54008 0.6135 0.09475 0.13449
0 0.82653 0.7684 0.10282 0.13516
0 0.36486 0.57155 0.10472 0.17746
0 0.68199 0.04903 0.12223 0.09845
0 0.65922 0.43815 0.07713 0.08512
0 0.65315 0.86341 0.05857 0.09091
0 0.27604 0.10655 0.14838 0.21305
0 0.54494 0.59084 0.10585 0.17899
0 0.37702 0.72317 0.06617 0.08779
0 0.58433 0.44449 0.0862 0.12069
0 0.71305 0.41991 0.18348 0.13336
0 0.75706 0.07744 0.26848 0.15435
0 0.79019 0.32306 0.11386 0.15428
0 0.55046 0.15018 0.18463 0.20841
