0 0.82327 0.2705 0.17712 0.21902
0 0.749 0.4862 0.22073 0.24689
0 0.30462 0.91506 0.14834 0.16764
0 0.79049 0.73982 0.07381 0.11944
0 0.2313 0.41446 0.12173 0.09412
0 0.23695 0.16353 0.08345 0.11591
0 0.47448 0.13548 0.16308 0.18592
0 0.36654 0.44553 0.09924 0.10264
0 0.32229 0.74909 0.11302 0.11448
0 0.24888 0.29712 0.10187 0.16223
0 0.18991 0.30739 0.0564 0.08105
0 0.6151 0.397 0.14499 0.11935
0 0.4301 0.27505 0.10404 0.11338
0 0.53874 0.28015 0.19536 0.11124
0 0.67909 0.83446 0.09511 0.15008
0 0.63093 0.62985 0.07143 0.07551
0 0.62365 0.04811 0.14675 0.09607
0 0.75445 0.07666 0.16283 0.15247
0 0.24764 0.62577 0.06995 0.08434
0 0.76003 0.83375 0.06848 0.10298
0 0.52627 0.71084 0.09043 0.03855
0 0.43205 0.7088 0.13627 0.17552
0 0.25369 0.05704 0.12251 0.11268
0 0.75727 0.93339 0.0597 0.12541
0 0.30259 0.81882 0.052 0.05082
0 0.24985 0.55477 0.07011 0.07191
0 0.71957 0.7609 0.08393 0.09219
0 0.49243 0.80866 0.0665 0.09117
0 0.54798 0.87737 0.0698 0.1041
0 0.72005 0.74455 0.08515 0.12601
0 0.3166 0.49627 0.10741 0.14972
0 0.37717 0.34648 0.06664 0.0803
0 0.26113 0.08995 0.13686 0.17775
0 0.25019 0.04102 0.11655 0.08143
0 0.23125 0.29713 0.13793 0.16273
0 0.69861 0.30659 0.1178 0.1645
0 0.45363 0.13625 0.20582 0.18864
0 0.65332 0.23333 0.11151 0.11839
0 0.59138 0.75859 0.05661 0.10397
0 0.69305 0.29122 0.10536 0.11617
0 0.59186 0.50245 0.09602 0.12326
