0 0.80637 0.51732 0.22101 0.25421
0 0.6524 0.76598 0.21702 0.28901
0 0.45622 0.48667 0.18903 0.1175
0 0.1689 0.12882 0.18411 0.12762
0 0.66398 0.23169 0.15651 0.27863
0 0.19143 0.035 0.15502 0.06991
0 0.1703 0.3459 0.08851 0.1132
0 0.15626 0.47274 0.11094 0.15677
0 0.38786 0.32884 0.20412 0.18548
0 0.83695 0.17615 0.09449 0.09742
0 0.21268 0.56732 0.1147 0.08874
0 0.57773 0.19344 0.14865 0.21662
0 0.50916 0.08212 0.14756 0.09406
0 0.19939 0.21509 0.13445 0.11384
0 0.62528 0.53809 0.13127 0.1864
0 0.4096 0.77259 0.06029 0.14528
0 0.35363 0.89142 0.20444 0.21411
0 0.55749 0.22372 0.10726 0.15337
0 0.49937 0.63122 0.16497 0.11238
0 0.68232 0.98137 0.09339 0.03557
0 0.32232 0.88856 0.27369 0.22079
0 0.40095 0.94044 0.11245 0.05352
0 0.50039 0.6881 0.16728 0.22669
0 0.34786 0.4569 0.09768 0.08307
0 0.54014 0.9039 0.10676 0.10702
0 0.34711 0.09149 0.08307 0.10012
0 0.24885 0.92339 0.1332 0.14363
0 0.22461 0.91465 0.0848 0.12638
0 0.29128 0.62647 0.09617 0.10938
0 0.51055 0.74034 0.1088 0.1279
0 0.43946 0.16289 0.14678 0.12092
0 0.19769 0.78659 0.06354 0.1375
0 0.4759 0.1292 0.21566 0.18839
0 0.25969 0.28049 0.07328 0.13707
0 0.21306 0.2531 0.16191 0.18637
