0 0.81748 0.18349 0.27865 0.34015
0 0.24546 0.79184 0.18103 0.20745
0 0.31866 0.15998 0.12956 0.12322
0 0.14181 0.15084 0.14962 0.08958
0 0.64733 0.08094 0.18712 0.16157
0 0.84951 0.53425 0.08652 0.14474
0 0.1718 0.4303 0.09105 0.11366
0 0.60749 0.55577 0.0762 0.13959
0 0.62163 0.23063 0.14674 0.17003
0 0.81198 0.76203 0.07008 0.14149
0 0.48592 0.637 0.07988 0.10763
0 0.26792 0.56091 0.14946 0.13201
0 0.77083 0.54338 0.11765 0.1346
0 0.71422 0.64041 0.13754 0.18645
0 0.16912 0.33548 0.09239 0.09428
0 0.818 0.63786 0.07566 0.12932
0 0.80681 0.90996 0.12893 0.11811
0 0.49159 0.12325 0.07235 0.14717
0 0.53665 0.93597 0.13216 0.11266
0 0.26765 0.68051 0.11145 0.09152
0 0.90761 0.03527 0.14794 0.07053
0 0.60379 0.66821 0.07772 0.101
0 0.4148 0.53375 0.16594 0.20223
0 0.25478 0.24922 0.14136 0.18956
0 0.68831 0.33224 0.12713 0.10304
0 0.62518 0.78919 0.08021 0.15648
0 0.53785 0.75994 0.07931 0.12343
0 0.14336 0.01833 0.06792 0.03658
0 0.25822 0.2675 0.14915 0.22717
0 0.39212 0.95254 0.10484 0.09314
0 0.88408 0.9467 0.07432 0.1046
0 0.5282 0.23772 0.06142 0.09759
0 0.53627 0.54024 0.08901 0.09525
0 0.64782 0.41309 0.08236 0.0808
0 0.35494 0.49128 0.06982 0.13325
0 0.77198 0.73704 0.04654 0.1381
0 0.7025 0.7812 0.09296 0.13605
0 0.34109 0.05479 0.09331 0.10922
0 0.29093 0.95434 0.09412 0.08927
0 0.42747 0.48065 0.09569 0.0989
0 0.74201 0.43017 0.1012 0.08845
0 0.47834 0.81825 0.08161 0.09462
0 0.15143 0.14087 0.17026 0.1086
