0 0.34898 0.09386 0.10759 0.11812
0 0.2832 0.71715 0.15221 0.15262
0 0.6355 0.75 0.1557 0.1387
0 0.4977 0.71324 0.09014 0.14951
0 0.31307 0.90513 0.10541 0.13058
0 0.27703 0.4191 0.09926 0.11861
0 0.69666 0.64875 0.127 0.18654
0 0.53106 0.24605 0.10828 0.16106
0 0.4417 0.31418 0.09577 0.15915
0 0.35239 0.30678 0.10351 0.1136
0 0.21363 0.18102 0.12697 0.14638
0 0.56811 0.87044 0.12483 0.13646
0 0.65168 0.09324 0.23454 0.18649
0 0.60843 0.03107 0.07673 0.06233
0 0.6342 0.50867 0.09387 0.13049
0 0.69622 0.4369 0.08099 0.1864
0 0.6333 0.08831 0.17098 0.16783
0 0.4482 0.459 0.10346 0.1476
0 0.20738 0.57648 0.09663 0.15338
0 0.43878 0.11074 0.08746 0.05629
0 0.21775 0.34496 0.15194 0.2283
0 0.15607 0.24637 0.06601 0.0973
0 0.15542 0.38673 0.13941 0.14625
0 0.22204 0.06632 0.07226 0.09103
0 0.16877 0.10733 0.06925 0.09311
0 0.21913 0.90121 0.09669 0.19099
0 0.33603 0.20846 0.09262 0.13011
0 0.60566 0.9365 0.11383 0.12501
0 0.72789 0.03728 0.08207 0.07454
0 0.31228 0.88068 0.1078 0.17972
0 0.44728 0.87019 0.06376 0.12077
0 0.39232 0.40702 0.06977 0.14614
0 0.20105 0.70193 0.09616 0.11974
0 0.26759 0.23871 0.07947 0.13126
0 0.12245 0.14794 0.07111 0.08538
0 0.21769 0.37792 0.15161 0.16169
0 0.19572 0.82819 0.1012 0.15454
0 0.62803 0.73132 0.17184 0.17627
0 0.13618 0.37012 0.10144 0.11262
