0 0.82197 0.4335 0.14924 0.19399
0 0.79458 0.63353 0.19618 0.22508
0 0.34978 0.47967 0.10219 0.15792
0 0.28146 0.48811 0.08362 0.08639
0 0.27469 0.59033 0.12877 0.09804
0 0.32588 0.35391 0.07547 0.11421
0 0.42824 0.61436 0.09656 0.0986
0 0.2552 0.14603 0.1213 0.11406
0 0.27779 0.03947 0.11538 0.07872
0 0.73266 0.47653 0.10085 0.13532
0 0.58281 0.08968 0.06955 0.17757
0 0.37122 0.14358 0.08992 0.07863
0 0.82206 0.86689 0.06325 0.10907
0 0.5262 0.32081 0.15807 0.16403
0 0.64821 0.90465 0.06387 0.10122
0 0.38043 0.92982 0.10497 0.12411
0 0.75124 0.20025 0.15483 0.24776
0 0.55556 0.95812 0.06155 0.08222
0 0.68076 0.55706 0.12688 0.10607
0 0.80896 0.9554 0.05395 0.0872
0 0.2799 0.26682 0.07017 0.17329
0 0.28562 0.80124 0.07997 0.08614
0 0.65399 0.65357 0.11044 0.12175
0 0.72928 0.93905 0.10402 0.12069
0 0.29296 0.72883 0.06889 0.07349
0 0.58503 0.86513 0.09709 0.0484
0 0.65606 0.18466 0.1336 0.19531
0 0.62056 0.95603 0.06387 0.08661
0 0.31256 0.22696 0.1137 0.09605
0 0.76927 0.89459 0.09117 0.08483
0 0.77 0.87659 0.09177 0.12188
0 0.50079 0.43834 0.09706 0.08392
0 0.51789 0.69961 0.09611 0.1617
0 0.66914 0.77384 0.06639 0.07263
0 0.44702 0.85711 0.07308 0.17924
0 0.66809 0.09453 0.11506 0.09571
0 0.49939 0.89199 0.09505 0.1316
0 0.50557 0.3226 0.20057 0.16766
0 0.35762 0.66857 0.08312 0.15107
0 0.54823 0.56994 0.05941 0.10944
0 0.4054 0.20815 0.10163 0.09423
0 0.77134 0.84535 0.04683 0.06008
0 0.32626 0.86446 0.08516 0.11315
0 0.572 0.45007 0.24106 0.11387
0 0.44424 0.0183 0.09405 0.03651
0 0.30387 0.26631 0.11823 0.17483
0 0.58796 0.84688 0.10324 0.08616
0 0.45379 0.5106 0.09316 0.10155
0 0.59503 0.45103 0.19143 0.11173
0 0.24535 0.13562 0.14119 0.1344
0 0.64876 0.62269 0.12071 0.18075
