0 0.14973 0.47838 0.20685 0.17664
0 0.78345 0.22302 0.1026 0.16445
0 0.39782 0.83913 0.19264 0.22801
0 0.76981 0.83184 0.15765 0.11699
0 0.61814 0.31603 0.13876 0.15964
0 0.73026 0.31314 0.09561 0.15603
0 0.51024 0.20715 0.06579 0.16676
0 0.24532 0.15329 0.09859 0.2111
0 0.5539 0.08507 0.10039 0.13364
0 0.57856 0.9163 0.08888 0.15874
0 0.18588 0.97061 0.10694 0.05719
0 0.68816 0.22791 0.11548 0.10904
0 0.33892 0.22205 0.18864 0.20345
0 0.14313 0.83006 0.13198 0.08294
0 0.77176 0.01709 0.08347 0.03398
0 0.19194 0.71573 0.09677 0.12564
0 0.09992 0.0919 0.08009 0.11057
0 0.79925 0.70225 0.08452 0.13154
0 0.66497 0.06016 0.14814 0.11696
0 0.70388 0.91178 0.11229 0.17425
0 0.45012 0.66874 0.14444 0.08384
0 0.60644 0.75907 0.1194 0.10107
0 0.28276 0.7083 0.10809 0.20108
0 0.72422 0.46532 0.08843 0.16076
0 0.15867 0.18907 0.14007 0.13135
0 0.67384 0.42306 0.05649 0.15967
0 0.30389 0.0427 0.10898 0.08469
0 0.43784 0.04664 0.09804 0.09043
0 0.30072 0.45289 0.09484 0.13618
0 0.53535 0.44886 0.10421 0.18153
0 0.3259 0.26119 0.1602 0.12628
0 0.12772 0.05017 0.05365 0.09914
0 0.38778 0.54224 0.15299 0.18081
0 0.70572 0.71973 0.14827 0.1139
0 0.69458 0.05885 0.08903 0.11662
0 0.20662 0.2712 0.09102 0.08331
0 0.56756 0.19551 0.07646 0.11821
0 0.51931 0.47072 0.07198 0.13823
0 0.4949 0.55977 0.0847 0.10925
0 0.23075 0.90405 0.10998 0.18666
0 0.38505 0.35253 0.09104 0.11133
0 0.39415 0.12994 0.16302 0.04621
0 0.3072 0.6919 0.15744 0.24918
0 0.6931 0.91304 0.08968 0.17146
