0 0.19039 0.30435 0.22906 0.21798
0 0.69113 0.19153 0.09032 0.15982
0 0.15407 0.15317 0.13896 0.1659
0 0.51728 0.48448 0.14573 0.24717
0 0.43443 0.19498 0.17513 0.36872
0 0.77228 0.40987 0.06161 0.12595
0 0.59729 0.31144 0.10622 0.14058
0 0.42426 0.38384 0.13765 0.1448
0 0.25972 0.10091 0.09051 0.16471
0 0.74861 0.82564 0.19833 0.13678
0 0.59122 0.66268 0.11926 0.1209
0 0.30607 0.60311 0.22147 0.17856
0 0.82621 0.55193 0.17108 0.10773
0 0.62331 0.86059 0.20944 0.23162
0 0.57228 0.4016 0.08214 0.10555
0 0.30854 0.41217 0.15185 0.10511
0 0.15498 0.0465 0.11383 0.09249
0 0.85594 0.23887 0.03602 0.13221
0 0.79586 0.68329 0.1174 0.0789
0 0.7766 0.28017 0.09477 0.11637
0 0.36821 0.51921 0.08467 0.14146
0 0.87369 0.53455 0.08013 0.07774
0 0.67048 0.96769 0.11076 0.06322
0 0.24704 0.52069 0.14851 0.11359
0 0.4697 0.93707 0.07741 0.12458
0 0.71047 0.0755 0.0566 0.10681
0 0.82286 0.14503 0.04246 0.07746
0 0.86409 0.5292 0.06 0.06669
0 0.46038 0.57826 0.08396 0.10494
0 0.79216 0.1814 0.10124 0.08527
0 0.63978 0.96752 0.17272 0.06361
0 0.58923 0.07109 0.07743 0.13993
0 0.18758 0.79249 0.12179 0.11011
0 0.69598 0.4818 0.11389 0.15665
0 0.63645 0.10442 0.10232 0.09501
0 0.74073 0.01093 0.05585 0.02204
0 0.57738 0.23601 0.14244 0.15528
0 0.25721 0.57966 0.12254 0.13178
0 0.41471 0.78377 0.13259 0.17195
0 0.23803 0.91796 0.10726 0.16191
0 0.46223 0.13695 0.10786 0.23803
0 0.51081 0.78217 0.11061 0.18185
0 0.57398 0.25973 0.1357 0.10732
0 0.365 0.77308 0.21625 0.19809
0 0.69785 0.5758 0.11805 0.06285
0 0.44505 0.13334 0.14339 0.25138
0 0.43489 0.24736 0.17307 0.266
0 0.81183 0.55494 0.13703 0.1
