0 0.871094 0.135417 0.242188 0.266667
0 0.682813 0.389583 0.209375 0.270833
0 0.492188 0.094792 0.200000 0.143750
0 0.667969 0.160417 0.135937 0.212500
0 0.334375 0.228125 0.093750 0.114583
0 0.375000 0.062500 0.100000 0.083333
0 0.252344 0.153125 0.107813 0.097917
0 0.298438 0.606250 0.140625 0.170833
0 0.443750 0.520833 0.093750 0.050000
0 0.446875 0.884375 0.140625 0.147917
0 0.587500 0.923958 0.059375 0.106250
0 0.293750 0.484375 0.078125 0.110417
0 0.724219 0.623958 0.085938 0.118750
0 0.514844 0.593750 0.045312 0.120833
0 0.581250 0.669792 0.087500 0.143750
0 0.167969 0.088542 0.079687 0.164583
0 0.446875 0.381250 0.056250 0.133333
0 0.471875 0.966667 0.078125 0.062500
0 0.642969 0.060417 0.107813 0.116667
0 0.262500 0.382292 0.068750 0.135417
0 0.703125 0.925000 0.059375 0.112500
0 0.379688 0.781250 0.087500 0.162500
0 0.286719 0.218750 0.057813 0.095833
0 0.539844 0.259375 0.160938 0.093750
0 0.771094 0.722917 0.085938 0.100000
0 0.403125 0.010417 0.090625 0.016667
0 0.336719 0.914583 0.104688 0.162500
0 0.243750 0.159375 0.090625 0.081250
0 0.658594 0.705208 0.076563 0.077083
