0 0.865625 0.435417 0.168750 0.220833
0 0.799219 0.661458 0.210938 0.227083
0 0.688281 0.170833 0.160938 0.195833
0 0.256250 0.131250 0.153125 0.129167
0 0.289844 0.032292 0.123438 0.060417
0 0.429688 0.598958 0.096875 0.106250
0 0.320312 0.359375 0.078125 0.114583
0 0.271094 0.475000 0.057813 0.087500
0 0.379688 0.885417 0.103125 0.125000
0 0.333594 0.496875 0.095312 0.152083
0 0.580469 0.097917 0.051562 0.191667
0 0.367969 0.150000 0.092188 0.087500
0 0.571094 0.452083 0.248438 0.133333
0 0.742969 0.470833 0.098437 0.116667
0 0.292187 0.566667 0.112500 0.079167
0 0.804688 0.194792 0.150000 0.227083
0 0.545312 0.939583 0.062500 0.087500
0 0.825781 0.884375 0.070312 0.114583
0 0.321094 0.222917 0.120313 0.100000
0 0.800000 0.965625 0.065625 0.064583
0 0.596875 0.452083 0.196875 0.133333
0 0.843750 0.117708 0.075000 0.072917
0 0.307812 0.747917 0.075000 0.079167
0 0.669531 0.577083 0.148438 0.091667
0 0.638281 0.902083 0.057813 0.100000
0 0.542188 0.319792 0.159375 0.156250
0 0.599219 0.829167 0.120313 0.104167
0 0.493750 0.442708 0.103125 0.072917
0 0.310156 0.685417 0.067187 0.066667
0 0.521875 0.320833 0.193750 0.158333
0 0.762500 0.886458 0.084375 0.131250
0 0.579688 0.705208 0.037500 0.110417
0 0.669531 0.625000 0.148438 0.187500
0 0.750000 0.488542 0.112500 0.156250
0 0.578125 0.857292 0.081250 0.047917
0 0.354687 0.955208 0.131250 0.085417
0 0.721875 0.954167 0.090625 0.087500
0 0.658594 0.663542 0.126562 0.110417
0 0.357031 0.939583 0.048438 0.058333
0 0.557031 0.565625 0.054688 0.102083
0 0.336719 0.966667 0.092188 0.062500
0 0.351562 0.398958 0.071875 0.060417
0 0.522656 0.306250 0.201563 0.187500
0 0.811719 0.252083 0.151562 0.120833
0 0.798438 0.177083 0.106250 0.191667
