0 0.77209 0.87439 0.22581 0.24904
0 0.8264 0.6469 0.17039 0.21974
0 0.72591 0.06936 0.13043 0.13844
0 0.2316 0.16884 0.16088 0.21151
0 0.63989 0.38477 0.15079 0.18145
0 0.26517 0.55241 0.0826 0.11435
0 0.54745 0.10484 0.1329 0.2093
0 0.4935 0.51479 0.16013 0.16796
0 0.37685 0.82296 0.10588 0.11307
0 0.23285 0.79321 0.12309 0.08508
0 0.32313 0.10806 0.07152 0.14843
0 0.31825 0.34583 0.09227 0.07304
0 0.57757 0.65659 0.15506 0.11799
0 0.21122 0.33475 0.14855 0.12454
0 0.70678 0.6748 0.10129 0.10986
0 0.73342 0.41304 0.11639 0.21218
0 0.39069 0.20254 0.11223 0.05942
0 0.63393 0.78288 0.15087 0.11366
0 0.25491 0.13985 0.07252 0.13284
0 0.20663 0.68342 0.05679 0.08884
0 0.71497 0.69559 0.11899 0.15117
0 0.2729 0.68926 0.10275 0.16076
0 0.25108 0.93424 0.06333 0.08043
0 0.52772 0.28787 0.05009 0.18221
0 0.30987 0.87461 0.08893 0.17067
0 0.42664 0.06976 0.07591 0.13881
0 0.26987 0.42006 0.12436 0.0983
0 0.62317 0.88088 0.12588 0.14833
0 0.25179 0.68881 0.1458 0.16306
0 0.56566 0.34261 0.1934 0.18745
0 0.41688 0.08042 0.09831 0.15921
0 0.44826 0.64513 0.10598 0.08116
0 0.24463 0.94612 0.07814 0.10471
0 0.539 0.92356 0.04051 0.10545
0 0.75227 0.40675 0.15614 0.24051
0 0.51724 0.78239 0.06048 0.11596
0 0.23691 0.98079 0.0632 0.03698
0 0.23472 0.37099 0.19584 0.19603
0 0.38704 0.72055 0.06732 0.09849
0 0.41709 0.09729 0.10149 0.19349
0 0.63415 0.83982 0.15204 0.22631
0 0.47263 0.51514 0.20322 0.17698
0 0.60622 0.28879 0.11185 0.07941
0 0.75305 0.41572 0.15427 0.21645
0 0.39503 0.11189 0.05854 0.16789
0 0.24349 0.22551 0.13595 0.09805
0 0.5326 0.10169 0.10101 0.20331
0 0.28001 0.42751 0.10272 0.08134
0 0.5557 0.65662 0.19838 0.12125
0 0.61681 0.89377 0.11205 0.11919
0 0.73441 0.39713 0.11261 0.17649
0 0.5318 0.08196 0.09817 0.16345
