0 0.80033 0.87423 0.15902 0.18533
0 0.79829 0.67296 0.12563 0.18185
0 0.70303 0.19081 0.11124 0.11926
0 0.6209 0.22023 0.07379 0.22676
0 0.33592 0.34754 0.12842 0.19065
0 0.43597 0.07174 0.08394 0.12984
0 0.4561 0.83147 0.08705 0.14444
0 0.7211 0.09341 0.05939 0.08883
0 0.50465 0.26212 0.08602 0.24151
0 0.61178 0.74797 0.19302 0.09999
0 0.33808 0.88771 0.12265 0.09524
0 0.63626 0.46432 0.07383 0.16469
0 0.45697 0.31616 0.08201 0.11158
0 0.60035 0.11627 0.10544 0.19807
0 0.37523 0.81158 0.08197 0.08989
0 0.33541 0.50817 0.10634 0.09758
0 0.45266 0.51659 0.08485 0.08807
0 0.56274 0.62851 0.14996 0.13792
0 0.76649 0.52308 0.10622 0.1896
0 0.49233 0.89743 0.08491 0.0953
0 0.55714 0.12447 0.07307 0.06817
0 0.36034 0.5817 0.12556 0.15372
0 0.72814 0.41006 0.06271 0.04411
0 0.65189 0.07094 0.03435 0.09313
0 0.68362 0.90234 0.09136 0.10351
0 0.42322 0.93122 0.07987 0.13495
0 0.35069 0.31159 0.05948 0.11212
0 0.69053 0.97532 0.06979 0.04823
0 0.50257 0.28856 0.07864 0.18635
0 0.58184 0.83268 0.0597 0.08766
0 0.67408 0.87663 0.11233 0.15432
0 0.40551 0.71741 0.09526 0.14277
0 0.61212 0.72967 0.19451 0.13777
0 0.50964 0.19466 0.07134 0.10786
0 0.40577 0.58536 0.0819 0.09712
0 0.41979 0.70252 0.06444 0.11389
0 0.43545 0.02225 0.08948 0.04408
0 0.56187 0.61515 0.15586 0.16923
0 0.52837 0.02844 0.07701 0.05653
0 0.77581 0.4901 0.087 0.12317
0 0.74321 0.73964 0.08282 0.11908
