0 0.75751 0.83068 0.19769 0.23943
0 0.71547 0.12023 0.08655 0.10237
0 0.70208 0.23011 0.10312 0.14391
0 0.39311 0.10043 0.17415 0.20055
0 0.77814 0.52381 0.08444 0.08532
0 0.16742 0.78105 0.09776 0.14554
0 0.44028 0.79644 0.17497 0.10566
0 0.43572 0.23864 0.1309 0.28317
0 0.62335 0.57187 0.13517 0.22967
0 0.62879 0.96248 0.10559 0.07368
0 0.20283 0.47639 0.15335 0.1057
0 0.18742 0.66595 0.07963 0.09809
0 0.47702 0.93856 0.15405 0.11975
0 0.62683 0.10351 0.03944 0.09803
0 0.59534 0.85166 0.12128 0.17588
0 0.22265 0.34001 0.13701 0.17616
0 0.22416 0.55204 0.11167 0.08832
0 0.56809 0.24547 0.09196 0.11674
0 0.38401 0.64984 0.183 0.16104
0 0.34093 0.76763 0.09013 0.07864
0 0.2845 0.93028 0.0908 0.10599
0 0.51243 0.05736 0.08189 0.11403
0 0.54831 0.53627 0.12704 0.17784
0 0.21276 0.87102 0.10698 0.08572
0 0.25443 0.28769 0.04479 0.11714
0 0.33474 0.24738 0.09402 0.14154
0 0.49171 0.44758 0.11789 0.07192
0 0.36186 0.69538 0.09536 0.05431
0 0.69095 0.62924 0.13549 0.12954
0 0.33805 0.26645 0.101 0.18101
0 0.23034 0.3155 0.04673 0.11329
0 0.23525 0.92947 0.06332 0.08827
0 0.27336 0.60476 0.06722 0.11985
0 0.4356 0.2708 0.12982 0.21114
0 0.627 0.37391 0.07281 0.12113
0 0.35138 0.65168 0.11855 0.14189
0 0.6951 0.5971 0.14702 0.19221
0 0.47465 0.48433 0.15286 0.14574
0 0.63462 0.36143 0.08923 0.15563
0 0.195 0.78166 0.04967 0.07976
0 0.22414 0.38729 0.13037 0.08238
0 0.68476 0.22948 0.13791 0.1454
0 0.59301 0.83764 0.11567 0.1156
0 0.59846 0.5698 0.08566 0.22922
