0 0.84906 0.81258 0.16897 0.22401
0 0.26408 0.33255 0.14404 0.20495
0 0.73459 0.24301 0.11812 0.13953
0 0.74689 0.14017 0.07526 0.09615
0 0.30763 0.85863 0.10781 0.1816
0 0.36532 0.27868 0.07224 0.13888
0 0.83358 0.96005 0.14319 0.07803
0 0.2972 0.71711 0.08118 0.12103
0 0.24411 0.95213 0.13255 0.09459
0 0.3575 0.50652 0.09546 0.07201
0 0.23498 0.85417 0.06882 0.09858
0 0.57725 0.23475 0.11293 0.27982
0 0.40637 0.07952 0.08134 0.11852
0 0.53386 0.09418 0.13958 0.18775
0 0.52206 0.67466 0.16305 0.17385
0 0.74671 0.86312 0.11849 0.15911
0 0.66733 0.10822 0.04356 0.08439
0 0.28742 0.30605 0.07606 0.12662
0 0.56545 0.45393 0.05838 0.17609
0 0.24246 0.49498 0.1365 0.12469
0 0.66691 0.947 0.17108 0.1044
0 0.65963 0.54499 0.14443 0.18125
0 0.39141 0.037 0.1131 0.07401
0 0.5579 0.82329 0.27104 0.13043
0 0.50729 0.09843 0.08613 0.17817
0 0.40587 0.97086 0.0949 0.05691
0 0.75413 0.55158 0.11962 0.20686
0 0.56779 0.06556 0.07236 0.13044
0 0.53962 0.94403 0.05913 0.11028
0 0.63455 0.13431 0.0509 0.09049
0 0.44744 0.25799 0.09276 0.21033
0 0.47567 0.82336 0.11405 0.11257
0 0.30402 0.58095 0.11651 0.09731
0 0.58954 0.82352 0.20644 0.12818
0 0.80286 0.61448 0.09327 0.09795
0 0.64993 0.12437 0.07938 0.1162
0 0.46329 0.23119 0.06086 0.1568
0 0.42236 0.28213 0.0456 0.15063
0 0.31597 0.98272 0.06238 0.03347
0 0.41762 0.88859 0.07038 0.1073
0 0.26874 0.53122 0.18735 0.19478
0 0.27707 0.61011 0.06394 0.11848
0 0.45753 0.85372 0.14882 0.17307
0 0.28146 0.85845 0.16058 0.18149
0 0.57723 0.26953 0.11209 0.21065
0 0.56595 0.22245 0.08753 0.25735
