0 0.85396 0.0421 0.16047 0.08403
0 0.39462 0.24184 0.16155 0.18031
0 0.92129 0.18597 0.09547 0.0926
0 0.93806 0.30122 0.0853 0.09471
0 0.27685 0.24304 0.10855 0.12851
0 0.32742 0.49488 0.09559 0.09494
0 0.71374 0.64041 0.14274 0.20727
0 0.83599 0.19247 0.08394 0.13004
0 0.55498 0.05153 0.12447 0.10253
0 0.65241 0.27155 0.08932 0.14205
0 0.48832 0.89626 0.08163 0.12888
0 0.5488 0.63643 0.08282 0.13933
0 0.35092 0.76745 0.18351 0.18483
0 0.21622 0.56732 0.0792 0.13347
0 0.72087 0.3827 0.0841 0.09821
0 0.8017 0.55017 0.16337 0.16465
0 0.55277 0.94588 0.07799 0.1064
0 0.90071 0.45159 0.06634 0.1057
0 0.57902 0.27292 0.11709 0.16569
0 0.27549 0.87954 0.11926 0.1752
0 0.22724 0.6505 0.10877 0.07747
0 0.44349 0.47026 0.11836 0.0981
0 0.28844 0.03957 0.08136 0.07929
0 0.73451 0.8657 0.07198 0.1103
0 0.83683 0.34657 0.07709 0.09095
0 0.4712 0.0977 0.07795 0.09436
0 0.7212 0.01805 0.07286 0.03609
0 0.87974 0.34078 0.06038 0.09782
0 0.6765 0.47574 0.06795 0.09388
0 0.75232 0.75011 0.161 0.12685
0 0.56915 0.39651 0.0426 0.10491
0 0.40571 0.94918 0.11326 0.09996
0 0.59083 0.50282 0.1524 0.15592
0 0.35439 0.0609 0.08791 0.11198
0 0.24596 0.32909 0.08781 0.07072
0 0.33823 0.61916 0.12392 0.15837
0 0.71363 0.96469 0.1036 0.06935
0 0.85881 0.08663 0.06668 0.05293
0 0.42697 0.94915 0.1575 0.10006
0 0.29105 0.16374 0.09675 0.06604
0 0.36903 0.87808 0.06511 0.08797
0 0.35674 0.61387 0.08766 0.14376
0 0.22459 0.35359 0.14076 0.12
0 0.87467 0.54252 0.06029 0.08911
0 0.78624 0.89005 0.08959 0.11634
0 0.32471 0.43008 0.06251 0.07647
0 0.85426 0.34323 0.10975 0.10268
0 0.19083 0.35792 0.07435 0.10635
0 0.78794 0.75302 0.09154 0.12175
0 0.74084 0.15428 0.0752 0.09535
0 0.45496 0.4755 0.09539 0.08277
0 0.58749 0.47821 0.14595 0.1245
