0 0.69369 0.78017 0.1717 0.24833
0 0.18267 0.93465 0.10808 0.11969
0 0.86628 0.18263 0.06461 0.12658
0 0.51484 0.94416 0.11208 0.11042
0 0.84618 0.63014 0.0606 0.13408
0 0.70652 0.22371 0.0918 0.16652
0 0.21796 0.11549 0.1768 0.22966
0 0.59985 0.77889 0.13266 0.12905
0 0.46671 0.37034 0.10753 0.17059
0 0.69992 0.60304 0.15604 0.10712
0 0.8575 0.90895 0.08619 0.09364
0 0.87678 0.05719 0.09429 0.11426
0 0.29028 0.50589 0.15424 0.08414
0 0.43925 0.54354 0.08949 0.1551
0 0.35461 0.06948 0.15433 0.13889
0 0.23633 0.35621 0.089 0.15105
0 0.8724 0.72681 0.07059 0.09811
0 0.37586 0.16939 0.10912 0.15429
0 0.81059 0.82516 0.08321 0.07733
0 0.72241 0.50592 0.19323 0.12246
0 0.13614 0.7932 0.15692 0.19058
0 0.7543 0.12219 0.07243 0.0892
0 0.49499 0.82653 0.09679 0.14378
0 0.1506 0.62455 0.16916 0.14897
0 0.78216 0.33177 0.11773 0.11492
0 0.24372 0.77174 0.12112 0.14421
0 0.70148 0.40999 0.09027 0.12188
0 0.048 0.35892 0.09523 0.16103
0 0.12152 0.09453 0.06058 0.18837
0 0.22041 0.26265 0.16448 0.07519
0 0.51079 0.24744 0.08814 0.12547
0 0.11054 0.5474 0.09565 0.08916
0 0.5265 0.67439 0.10869 0.1501
0 0.31478 0.96226 0.12908 0.07388
0 0.74728 0.50624 0.14283 0.12063
0 0.79443 0.97438 0.06407 0.04973
0 0.35506 0.24469 0.07674 0.06705
0 0.13463 0.21001 0.09364 0.05681
0 0.67122 0.11595 0.06418 0.10107
0 0.58185 0.50635 0.12348 0.09257
0 0.38009 0.45397 0.09407 0.08883
0 0.53487 0.32639 0.05195 0.11735
0 0.79637 0.09097 0.0649 0.0833
0 0.3588 0.32597 0.07357 0.1341
0 0.63794 0.21353 0.07615 0.1176
0 0.33467 0.76418 0.08255 0.13226
0 0.1506 0.33209 0.10214 0.21099
0 0.1954 0.5096 0.09478 0.11993
0 0.20792 0.69731 0.1027 0.09434
0 0.14949 0.60154 0.17188 0.19524
0 0.35857 0.05459 0.14473 0.10812
