0 0.64717 0.55826 0.18507 0.22091
0 0.27012 0.21891 0.07897 0.10702
0 0.57753 0.74842 0.16568 0.20388
0 0.32338 0.89356 0.14826 0.18626
0 0.30463 0.51032 0.10136 0.12749
0 0.55555 0.05097 0.0842 0.09117
0 0.5821 0.93107 0.12302 0.13634
0 0.46266 0.66053 0.10334 0.16566
0 0.26092 0.06034 0.07997 0.10447
0 0.31673 0.26411 0.06814 0.10547
0 0.34882 0.35827 0.07157 0.13032
0 0.678 0.25787 0.06041 0.11411
0 0.78029 0.27883 0.09234 0.10758
0 0.5883 0.12803 0.06249 0.08621
0 0.506 0.85197 0.06975 0.12866
0 0.79084 0.5807 0.07865 0.11919
0 0.42579 0.81325 0.08799 0.12008
0 0.69457 0.39772 0.12296 0.21427
0 0.75818 0.65344 0.05906 0.12842
0 0.42435 0.31348 0.08053 0.13512
0 0.53387 0.30854 0.06123 0.11885
0 0.42157 0.07346 0.07032 0.0985
0 0.73611 0.52712 0.07886 0.12161
0 0.54883 0.23399 0.06385 0.05577
0 0.25847 0.40515 0.08767 0.03716
0 0.44048 0.53613 0.06877 0.09287
0 0.28964 0.6601 0.10318 0.1422
0 0.71582 0.77207 0.07561 0.10807
0 0.48056 0.4499 0.11165 0.10168
0 0.2387 0.51405 0.03104 0.13032
0 0.51112 0.14335 0.07327 0.08933
0 0.62867 0.33933 0.06228 0.09062
0 0.39234 0.62773 0.07964 0.10193
0 0.7134 0.86579 0.11 0.14365
0 0.67282 0.9704 0.10355 0.0581
0 0.3809 0.13997 0.05715 0.07733
0 0.36277 0.72038 0.06449 0.11732
0 0.76002 0.06014 0.07683 0.07584
