0 0.25912 0.07597 0.04909 0.11438
0 0.70159 0.35594 0.12721 0.16653
0 0.66125 0.51416 0.11392 0.15742
0 0.55237 0.85866 0.18059 0.27907
0 0.22283 0.53475 0.09209 0.08979
0 0.49165 0.39502 0.10737 0.1276
0 0.16649 0.8516 0.12495 0.1543
0 0.39245 0.90486 0.12839 0.11567
0 0.57648 0.1048 0.06875 0.04236
0 0.28263 0.22824 0.06243 0.10435
0 0.31903 0.71558 0.08152 0.17706
0 0.4287 0.07839 0.11062 0.13037
0 0.48956 0.26206 0.09111 0.0807
0 0.76034 0.71014 0.09024 0.0803
0 0.30168 0.45175 0.06247 0.09667
0 0.73109 0.62942 0.11935 0.09757
0 0.17236 0.77602 0.07887 0.05551
0 0.68924 0.78301 0.14545 0.1465
0 0.43682 0.34389 0.07919 0.08439
0 0.45757 0.51632 0.11308 0.09823
0 0.45364 0.1965 0.08061 0.08467
0 0.54307 0.02316 0.05195 0.04647
0 0.57739 0.69411 0.07169 0.17112
0 0.61163 0.5878 0.08127 0.09104
0 0.29704 0.34474 0.09023 0.08856
0 0.57216 0.12272 0.07769 0.07896
0 0.63537 0.27103 0.11269 0.13139
