0 0.75675 0.4169 0.10717 0.12422
0 0.52135 0.15563 0.06446 0.11319
0 0.46657 0.24432 0.06208 0.12506
0 0.451 0.87288 0.15216 0.17508
0 0.80489 0.48154 0.1156 0.14785
0 0.57205 0.71348 0.17387 0.23216
0 0.4265 0.52566 0.08788 0.06642
0 0.33945 0.34908 0.071 0.08242
0 0.3544 0.8313 0.14309 0.11432
0 0.85124 0.76244 0.08245 0.19571
0 0.57341 0.38322 0.10943 0.09213
0 0.50633 0.53198 0.08736 0.10389
0 0.52681 0.88796 0.13971 0.14782
0 0.69761 0.96867 0.07666 0.06128
0 0.47868 0.45753 0.08243 0.06694
0 0.64154 0.49215 0.07282 0.10537
0 0.58608 0.16901 0.08419 0.05731
0 0.48851 0.37488 0.11357 0.10953
0 0.70407 0.63906 0.07243 0.13951
0 0.29848 0.76544 0.10978 0.14597
0 0.55564 0.47954 0.07899 0.12152
0 0.81486 0.61915 0.07751 0.08696
0 0.35295 0.34863 0.09857 0.08365
0 0.55866 0.75254 0.14302 0.15346
0 0.61774 0.43913 0.06424 0.09224
0 0.76121 0.81869 0.13423 0.07748
0 0.31686 0.59607 0.07648 0.19567
0 0.70766 0.89134 0.1087 0.12798
0 0.58138 0.66979 0.15489 0.14527
0 0.57335 0.22265 0.0666 0.048
0 0.41809 0.13115 0.0332 0.0966
0 0.26657 0.96186 0.11558 0.0749
0 0.796 0.6059 0.11459 0.11517
0 0.35506 0.85505 0.14566 0.16303
0 0.58438 0.17589 0.09092 0.07088
0 0.45195 0.88863 0.14913 0.1411
