0 0.56163 0.76385 0.11968 0.19686
0 0.59205 0.18937 0.10248 0.11675
0 0.72363 0.72798 0.11306 0.1458
0 0.79116 0.54283 0.14988 0.16357
0 0.63866 0.08274 0.15302 0.15935
0 0.42985 0.93147 0.08599 0.13513
0 0.3478 0.25629 0.14323 0.0919
0 0.57286 0.51867 0.11035 0.17553
0 0.50145 0.93863 0.06334 0.12009
0 0.48593 0.40204 0.13413 0.08079
0 0.62985 0.40283 0.05722 0.11458
0 0.38945 0.13526 0.07522 0.10019
0 0.54285 0.09352 0.07021 0.18482
0 0.73555 0.23492 0.08007 0.13817
0 0.50065 0.69788 0.09165 0.07487
0 0.31184 0.30037 0.08027 0.056
0 0.57348 0.49708 0.11278 0.23019
0 0.41794 0.60202 0.0682 0.1056
0 0.34126 0.59393 0.08949 0.10828
0 0.28171 0.93793 0.20597 0.1222
0 0.38672 0.19413 0.0693 0.06009
0 0.32413 0.92148 0.2965 0.15481
0 0.65131 0.51434 0.0394 0.11674
0 0.50537 0.54745 0.06953 0.08601
0 0.31395 0.93919 0.13841 0.1193
0 0.38792 0.39069 0.04379 0.08106
0 0.34068 0.46506 0.11445 0.06995
0 0.66985 0.9142 0.13026 0.16884
0 0.70161 0.56896 0.11949 0.12156
0 0.67836 0.83751 0.08985 0.08788
0 0.38575 0.06214 0.14248 0.12384
0 0.64382 0.09714 0.14038 0.12575
0 0.35152 0.77183 0.11289 0.05191
0 0.66497 0.90189 0.14041 0.19324
0 0.32506 0.39306 0.08383 0.07259
0 0.45572 0.46235 0.05339 0.09057
0 0.73422 0.19889 0.07477 0.07037
0 0.37157 0.03606 0.11322 0.0718
0 0.79819 0.52622 0.13543 0.12896
