0 0.70188 0.55951 0.09474 0.12403
0 0.49702 0.95895 0.08699 0.08091
0 0.57321 0.77441 0.10797 0.16082
0 0.39351 0.1177 0.12421 0.22585
0 0.69477 0.75548 0.04892 0.15781
0 0.5768 0.6154 0.10488 0.13828
0 0.48826 0.68549 0.1127 0.10081
0 0.67195 0.9391 0.08827 0.12021
0 0.15676 0.37339 0.13973 0.19823
0 0.38041 0.58634 0.04704 0.11008
0 0.34148 0.31094 0.06675 0.12517
0 0.28892 0.76778 0.0489 0.07127
0 0.30833 0.0467 0.10003 0.09305
0 0.26354 0.35119 0.09646 0.26242
0 0.32749 0.68054 0.06236 0.04851
0 0.34786 0.81603 0.05877 0.06056
0 0.0497 0.41874 0.0628 0.06355
0 0.35152 0.73722 0.06023 0.05578
0 0.60787 0.88152 0.11056 0.11244
0 0.10435 0.04918 0.05223 0.09783
0 0.51519 0.37803 0.09526 0.11449
0 0.11346 0.04956 0.07078 0.09871
0 0.56146 0.08268 0.10768 0.16529
0 0.37566 0.86655 0.08822 0.07554
0 0.15853 0.16504 0.12127 0.04579
0 0.52158 0.18948 0.08193 0.08819
0 0.47098 0.55555 0.05992 0.10315
0 0.64843 0.83971 0.03528 0.09603
0 0.08051 0.40503 0.072 0.07472
0 0.39562 0.66254 0.04393 0.06023
0 0.22851 0.05004 0.10442 0.09958
0 0.33089 0.40215 0.08022 0.14412
0 0.50742 0.24163 0.13079 0.16792
0 0.42291 0.74298 0.08306 0.07946
0 0.38791 0.64277 0.04951 0.03546
0 0.54332 0.46971 0.0739 0.06786
0 0.47321 0.08527 0.06288 0.1316
0 0.25554 0.16936 0.05178 0.10602
0 0.4919 0.78363 0.05048 0.10017
0 0.58457 0.50315 0.10084 0.10798
0 0.56114 0.716 0.10164 0.07576
0 0.59376 0.04253 0.06036 0.08448
0 0.2592 0.40888 0.07835 0.14761
0 0.59894 0.50105 0.07318 0.1019
0 0.3906 0.659 0.05435 0.06781
