0 0.28662 0.36519 0.10861 0.12467
0 0.75556 0.21894 0.10126 0.11461
0 0.75806 0.85554 0.11572 0.09045
0 0.19181 0.19041 0.08548 0.17871
0 0.48783 0.3268 0.1141 0.15556
0 0.43766 0.84263 0.06143 0.05664
0 0.74913 0.48439 0.09407 0.10051
0 0.77076 0.06446 0.16883 0.12829
0 0.93173 0.71724 0.07195 0.17213
0 0.72104 0.65724 0.11495 0.13939
0 0.66231 0.19637 0.1063 0.15628
0 0.34317 0.05751 0.08022 0.11475
0 0.86908 0.22883 0.03646 0.09021
0 0.92756 0.60111 0.11526 0.14949
0 0.21505 0.51644 0.09521 0.12305
0 0.79226 0.70885 0.12058 0.14452
0 0.26681 0.48108 0.10431 0.12744
0 0.35216 0.05396 0.06134 0.10721
0 0.45621 0.38565 0.21529 0.27071
0 0.52202 0.83654 0.06635 0.0837
0 0.80051 0.14999 0.13697 0.17666
0 0.86891 0.37651 0.06414 0.13036
0 0.23712 0.2862 0.12587 0.11655
0 0.57882 0.33491 0.0773 0.19169
0 0.71488 0.30426 0.1841 0.15452
0 0.39397 0.01455 0.06391 0.0292
0 0.57645 0.29411 0.05916 0.11057
0 0.24782 0.04701 0.11465 0.09392
0 0.49969 0.72946 0.10214 0.13827
0 0.94745 0.63118 0.07564 0.08912
0 0.64901 0.41725 0.10415 0.09443
0 0.3436 0.41959 0.05971 0.09633
0 0.61375 0.09311 0.08101 0.06656
0 0.58841 0.12963 0.12227 0.13585
0 0.67395 0.41666 0.15251 0.09683
0 0.62526 0.60125 0.10315 0.08363
0 0.60463 0.09882 0.15537 0.19722
0 0.81843 0.14928 0.09982 0.1742
0 0.38907 0.39628 0.08331 0.18094
0 0.75744 0.57291 0.07654 0.09118
0 0.62542 0.53763 0.08037 0.11011
0 0.70664 0.74286 0.0281 0.12975
0 0.21486 0.047 0.0503 0.09398
0 0.56873 0.78165 0.07376 0.12858
0 0.67902 0.2902 0.11408 0.13013
0 0.26208 0.03995 0.08681 0.07958
0 0.20927 0.42369 0.03789 0.09169
0 0.51701 0.72661 0.06256 0.13299
0 0.21793 0.29846 0.08914 0.09016
0 0.4213 0.41267 0.14627 0.21258
0 0.87517 0.54464 0.04725 0.1119
0 0.93139 0.69668 0.07098 0.13252
0 0.69705 0.59962 0.05613 0.08277
0 0.19237 0.16899 0.08308 0.13157
0 0.93199 0.75039 0.06429 0.10957
0 0.61692 0.06311 0.13104 0.12516
0 0.9223 0.69549 0.08977 0.13204
0 0.91876 0.58231 0.13287 0.18648
0 0.92267 0.71669 0.09166 0.17538
0 0.753 0.06445 0.1329 0.1263
