0 0.91169 0.7303 0.111 0.19212
0 0.22655 0.56267 0.18291 0.1865
0 0.51917 0.06522 0.10544 0.11338
0 0.30138 0.72465 0.13234 0.12802
0 0.382 0.0794 0.088 0.11191
0 0.37874 0.51409 0.11685 0.14433
0 0.5347 0.29352 0.14549 0.21599
0 0.48657 0.81388 0.08374 0.12914
0 0.736 0.85612 0.13261 0.15208
0 0.10312 0.66173 0.1021 0.08601
0 0.38987 0.98434 0.06644 0.02964
0 0.76097 0.96185 0.13431 0.07501
0 0.73031 0.42406 0.1015 0.15409
0 0.11829 0.6622 0.13244 0.08935
0 0.70607 0.31067 0.14532 0.2216
0 0.40709 0.21111 0.08821 0.07066
0 0.55543 0.42495 0.07511 0.10841
0 0.1575 0.6624 0.05536 0.08587
0 0.67365 0.628 0.12493 0.08268
0 0.51081 0.91697 0.07112 0.09357
0 0.21052 0.04277 0.0828 0.08536
0 0.5175 0.34076 0.1106 0.12121
0 0.28719 0.31211 0.11923 0.06776
0 0.40613 0.28867 0.07356 0.11206
0 0.68339 0.07124 0.13868 0.13792
0 0.4078 0.67993 0.10099 0.13964
0 0.48518 0.01597 0.07618 0.03177
0 0.58219 0.62783 0.09576 0.08649
0 0.30436 0.18064 0.11859 0.15876
0 0.5484 0.24488 0.11589 0.11916
0 0.33803 0.624 0.13162 0.10897
0 0.68454 0.3083 0.09861 0.2147
0 0.59644 0.51193 0.09175 0.08461
0 0.36565 0.65967 0.18278 0.17627
0 0.70045 0.74402 0.10849 0.14402
0 0.62953 0.95219 0.09208 0.09269
0 0.57573 0.51646 0.13424 0.09633
0 0.27358 0.02032 0.08433 0.04071
0 0.33891 0.27121 0.1062 0.10529
0 0.91137 0.95324 0.04182 0.09111
0 0.61385 0.94428 0.12609 0.10943
0 0.63275 0.54443 0.10115 0.12823
0 0.68549 0.62066 0.14769 0.09548
0 0.33911 0.28501 0.10967 0.13508
0 0.48079 0.02469 0.08676 0.04917
0 0.76543 0.16289 0.06597 0.10858
0 0.42101 0.39818 0.12392 0.07746
0 0.74599 0.86598 0.11234 0.12974
0 0.596 0.4976 0.09194 0.11407
0 0.40786 0.68927 0.09859 0.11678
