0 0.44534 0.93031 0.12239 0.13839
0 0.77557 0.44653 0.06248 0.10388
0 0.62526 0.10306 0.09025 0.17367
0 0.70891 0.69899 0.12296 0.11064
0 0.75249 0.21472 0.06674 0.09044
0 0.71934 0.84187 0.10354 0.11352
0 0.45447 0.05839 0.07035 0.11616
0 0.13154 0.36734 0.15434 0.17455
0 0.65944 0.1702 0.04595 0.10385
0 0.32689 0.03871 0.10599 0.07732
0 0.33216 0.9507 0.08478 0.09743
0 0.78384 0.35371 0.06199 0.09229
0 0.2303 0.95458 0.1121 0.08936
0 0.15908 0.79658 0.10499 0.20107
0 0.51009 0.55382 0.08745 0.11069
0 0.8329 0.86424 0.03344 0.08879
0 0.7677 0.63938 0.07445 0.09834
0 0.71329 0.61155 0.06483 0.07444
0 0.31581 0.37201 0.0817 0.09516
0 0.22224 0.10143 0.07713 0.11433
0 0.15863 0.07144 0.07138 0.13016
0 0.53634 0.92694 0.07379 0.14429
0 0.56547 0.70638 0.14987 0.20384
0 0.20323 0.29057 0.07882 0.09386
0 0.34821 0.16475 0.18904 0.14142
0 0.31881 0.65678 0.07214 0.1069
0 0.7299 0.94088 0.09214 0.11646
0 0.23307 0.63712 0.10479 0.11027
0 0.48362 0.31123 0.05676 0.12305
0 0.54219 0.10968 0.09137 0.14097
0 0.56078 0.39065 0.10514 0.12268
0 0.60197 0.26191 0.05845 0.0713
0 0.53536 0.23505 0.08113 0.0601
0 0.32808 0.65195 0.05183 0.0974
0 0.18714 0.89305 0.14363 0.12107
0 0.62915 0.82046 0.09282 0.1457
0 0.24251 0.55591 0.06165 0.07606
0 0.0988 0.4084 0.06321 0.07474
0 0.55386 0.74459 0.12639 0.12654
0 0.28609 0.13721 0.07508 0.11878
0 0.52442 0.45297 0.05762 0.08107
0 0.37973 0.58465 0.07287 0.10563
0 0.28863 0.20424 0.07289 0.05764
0 0.3724 0.41341 0.12472 0.0934
0 0.77801 0.78936 0.09737 0.17495
0 0.63088 0.91687 0.09176 0.13245
0 0.30897 0.52595 0.08265 0.11282
0 0.48336 0.10959 0.0496 0.06104
0 0.57653 0.70845 0.08144 0.05622
0 0.14501 0.58033 0.07675 0.05028
0 0.59095 0.49391 0.0638 0.07043
0 0.6828 0.49875 0.04623 0.06215
0 0.34541 0.94896 0.11382 0.10075
0 0.6116 0.81905 0.12807 0.15045
0 0.57301 0.40617 0.08012 0.088
0 0.18266 0.02238 0.0774 0.04467
0 0.76495 0.75092 0.07363 0.09832
0 0.21201 0.30323 0.0981 0.12069
0 0.53641 0.12603 0.07808 0.10561
0 0.36786 0.16388 0.13953 0.13373
