0 0.781 0.30779 0.17632 0.21424
0 0.37424 0.7577 0.12598 0.14466
0 0.38752 0.14778 0.09417 0.15695
0 0.29715 0.2915 0.12405 0.08687
0 0.31762 0.178 0.09008 0.08356
0 0.77502 0.13474 0.18774 0.17545
0 0.57831 0.93852 0.15303 0.12202
0 0.79012 0.88127 0.10052 0.08322
0 0.44873 0.30448 0.08787 0.08833
0 0.79804 0.52687 0.05488 0.09033
0 0.74082 0.95546 0.10165 0.08792
0 0.6475 0.56166 0.05898 0.09874
0 0.71891 0.14904 0.07645 0.0934
0 0.80079 0.13242 0.13532 0.17101
0 0.50629 0.05441 0.16968 0.10881
0 0.51483 0.1251 0.09283 0.08702
0 0.65335 0.33651 0.09697 0.11368
0 0.66171 0.95859 0.06285 0.08185
0 0.35362 0.0471 0.0721 0.09351
0 0.56647 0.62031 0.05492 0.07944
0 0.31806 0.42763 0.06446 0.07188
0 0.78963 0.60094 0.04886 0.08527
0 0.74962 0.55187 0.07601 0.06508
0 0.3122 0.49542 0.07337 0.07991
0 0.46688 0.53632 0.0737 0.14638
0 0.30112 0.0379 0.06488 0.07589
0 0.35109 0.57211 0.09465 0.08759
0 0.78352 0.68364 0.03747 0.09261
0 0.52677 0.40033 0.08537 0.11794
0 0.50229 0.90365 0.08439 0.14731
0 0.40951 0.58546 0.09162 0.09251
0 0.43593 0.66874 0.06337 0.07226
0 0.57726 0.144 0.21555 0.10038
0 0.5145 0.56997 0.07264 0.10451
0 0.72716 0.62206 0.06942 0.0976
0 0.33872 0.81775 0.07982 0.06991
0 0.68713 0.23717 0.1087 0.10776
0 0.38012 0.36441 0.07808 0.13925
0 0.37454 0.9093 0.10869 0.17627
0 0.50099 0.73833 0.08367 0.11705
0 0.61086 0.14188 0.14438 0.09388
0 0.66601 0.24068 0.15002 0.11478
0 0.5514 0.1735 0.26838 0.15837
0 0.56131 0.27675 0.07122 0.1038
0 0.8318 0.81054 0.05081 0.06525
0 0.57613 0.91591 0.09052 0.0776
0 0.44553 0.2059 0.07957 0.10033
0 0.35277 0.55357 0.09842 0.12586
0 0.57889 0.97117 0.15206 0.05699
0 0.52332 0.05143 0.13012 0.10282
0 0.35161 0.03804 0.06522 0.07529
