0 0.74794 0.93123 0.13578 0.13603
0 0.70102 0.07249 0.14009 0.12039
0 0.59792 0.52513 0.09605 0.14323
0 0.73534 0.20002 0.10661 0.09669
0 0.32316 0.90595 0.07603 0.1433
0 0.5969 0.93806 0.11552 0.12148
0 0.13265 0.47701 0.10564 0.13621
0 0.56522 0.75735 0.11683 0.09215
0 0.16412 0.60278 0.09429 0.12522
0 0.36725 0.59192 0.04331 0.14507
0 0.41046 0.26914 0.1192 0.26694
0 0.56009 0.05273 0.15283 0.10532
0 0.4618 0.35862 0.09999 0.12013
0 0.28736 0.46219 0.11227 0.09105
0 0.62343 0.61706 0.11736 0.11649
0 0.1522 0.1387 0.17241 0.10658
0 0.49502 0.23913 0.08878 0.12082
0 0.74947 0.78098 0.09757 0.08796
0 0.4981 0.58888 0.07653 0.10905
0 0.3035 0.27257 0.10986 0.23088
0 0.1601 0.42497 0.06916 0.15151
0 0.76419 0.35488 0.09199 0.06571
0 0.44777 0.06353 0.0714 0.10568
0 0.25375 0.68848 0.07963 0.09879
0 0.56034 0.07476 0.15486 0.14851
0 0.25946 0.83468 0.07761 0.11594
0 0.60563 0.81549 0.0745 0.09852
0 0.17097 0.98669 0.0585 0.02494
0 0.29129 0.76972 0.08684 0.11788
0 0.12403 0.13062 0.11602 0.09099
0 0.37807 0.69489 0.05443 0.07251
0 0.47222 0.47949 0.08213 0.12335
0 0.13529 0.82338 0.14921 0.09674
0 0.19327 0.68333 0.0682 0.10207
0 0.4602 0.87839 0.09455 0.08572
0 0.30356 0.21771 0.10704 0.11947
0 0.72252 0.023 0.10077 0.04591
0 0.69991 0.0598 0.13502 0.07834
