0 0.83807 0.86665 0.10741 0.12413
0 0.34703 0.09174 0.1495 0.14988
0 0.45836 0.20281 0.08031 0.1168
0 0.54653 0.20441 0.0935 0.12045
0 0.18836 0.89565 0.19271 0.12171
0 0.60671 0.42607 0.10791 0.13961
0 0.65908 0.353 0.10676 0.15452
0 0.63056 0.59444 0.06062 0.13351
0 0.16586 0.54878 0.08022 0.04036
0 0.24038 0.2422 0.05662 0.09827
0 0.52928 0.31262 0.10391 0.15795
0 0.48989 0.1293 0.09728 0.08036
0 0.81277 0.67158 0.14085 0.14221
0 0.74764 0.92068 0.10832 0.12425
0 0.37349 0.62689 0.07721 0.14194
0 0.48178 0.84524 0.11148 0.1161
0 0.62708 0.6874 0.07557 0.07838
0 0.44677 0.60099 0.06802 0.131
0 0.56267 0.09843 0.07407 0.07956
0 0.26172 0.91673 0.34017 0.16524
0 0.80853 0.54029 0.08477 0.115
0 0.71419 0.31706 0.19955 0.24213
0 0.36404 0.81179 0.12988 0.13335
0 0.76231 0.02101 0.09373 0.04204
0 0.20386 0.49593 0.05539 0.07248
0 0.22532 0.3553 0.04527 0.10267
0 0.47958 0.46836 0.04207 0.14078
0 0.29786 0.35818 0.06491 0.10536
0 0.33951 0.93856 0.11512 0.11461
0 0.29607 0.58006 0.10904 0.13581
0 0.68984 0.74453 0.15174 0.09724
0 0.32902 0.58071 0.17494 0.13689
0 0.35795 0.02892 0.09591 0.05776
0 0.68938 0.0299 0.06738 0.05957
0 0.52955 0.77551 0.05479 0.11583
0 0.75808 0.33259 0.11222 0.1758
0 0.53287 0.95571 0.1005 0.08752
0 0.5493 0.59931 0.08831 0.08617
0 0.54737 0.68373 0.05544 0.08849
0 0.6587 0.25466 0.08705 0.11228
0 0.40564 0.41652 0.10273 0.20231
0 0.62964 0.0648 0.06935 0.12058
0 0.74892 0.09375 0.09823 0.13043
0 0.15118 0.89571 0.11873 0.1201
0 0.2918 0.71428 0.06206 0.10546
0 0.54383 0.04535 0.09866 0.08944
0 0.73482 0.9144 0.13396 0.13862
0 0.80759 0.98082 0.13865 0.03706
0 0.67488 0.25448 0.11933 0.11675
