0 0.74725 0.56214 0.12137 0.16177
0 0.81001 0.66259 0.15603 0.10686
0 0.68847 0.91399 0.10799 0.16547
0 0.37127 0.54645 0.0624 0.12142
0 0.60524 0.82621 0.12332 0.19857
0 0.12686 0.18727 0.07831 0.1391
0 0.18861 0.29179 0.09227 0.11009
0 0.38959 0.28726 0.04542 0.13664
0 0.60869 0.54301 0.10717 0.10485
0 0.19457 0.92854 0.0523 0.08684
0 0.28381 0.02771 0.09242 0.0552
0 0.207 0.59985 0.1033 0.08873
0 0.48247 0.04785 0.10389 0.09549
0 0.5153 0.22925 0.07758 0.09478
0 0.39689 0.71937 0.12324 0.1039
0 0.28329 0.12788 0.13228 0.10827
0 0.64616 0.68947 0.10197 0.10972
0 0.74519 0.78595 0.12047 0.14644
0 0.40448 0.04906 0.07448 0.09781
0 0.72474 0.16524 0.09635 0.13512
0 0.58705 0.39342 0.11176 0.11591
0 0.29725 0.64859 0.09539 0.13788
0 0.62236 0.22271 0.10078 0.16738
0 0.23054 0.66964 0.07777 0.08132
0 0.55454 0.76243 0.07815 0.09303
0 0.57546 0.95781 0.11847 0.08215
0 0.30395 0.47709 0.07631 0.09307
0 0.47989 0.73569 0.0616 0.10081
0 0.54523 0.63924 0.10138 0.07242
0 0.43242 0.9279 0.07889 0.05857
0 0.16873 0.42449 0.15247 0.08306
0 0.6281 0.61407 0.10291 0.07028
0 0.3148 0.85286 0.1346 0.1291
0 0.29004 0.37348 0.06835 0.0734
0 0.27468 0.2179 0.07061 0.1055
0 0.5725 0.03242 0.05248 0.0648
0 0.66458 0.30852 0.07755 0.11195
0 0.38927 0.95338 0.08727 0.09185
0 0.67497 0.58636 0.06247 0.08471
0 0.4862 0.14213 0.08581 0.10265
0 0.30679 0.67579 0.07637 0.08457
0 0.32531 0.43035 0.06818 0.09563
0 0.75371 0.40268 0.09099 0.09838
0 0.18652 0.10489 0.04317 0.1813
0 0.70018 0.36105 0.13681 0.16444
