0 0.653906 0.338542 0.089063 0.131250
0 0.378125 0.480208 0.103125 0.177083
0 0.332031 0.765625 0.126562 0.193750
0 0.590625 0.214583 0.093750 0.083333
0 0.872656 0.855208 0.101562 0.072917
0 0.128906 0.688542 0.157812 0.072917
0 0.736719 0.195833 0.073438 0.120833
0 0.078906 0.476042 0.154688 0.127083
0 0.668750 0.115625 0.087500 0.135417
0 0.744531 0.616667 0.101562 0.104167
0 0.595313 0.468750 0.121875 0.075000
0 0.063281 0.718750 0.123438 0.187500
0 0.489844 0.703125 0.092188 0.135417
0 0.715625 0.416667 0.084375 0.141667
0 0.407031 0.055208 0.114062 0.106250
0 0.677344 0.801042 0.076563 0.122917
0 0.425000 0.721875 0.084375 0.118750
0 0.274219 0.617708 0.104688 0.081250
0 0.683594 0.050000 0.070312 0.079167
0 0.518750 0.568750 0.093750 0.083333
0 0.571094 0.945833 0.107813 0.104167
0 0.275781 0.708333 0.101562 0.183333
0 0.424219 0.569792 0.101562 0.156250
0 0.089063 0.115625 0.153125 0.164583
0 0.908594 0.639583 0.045312 0.100000
0 0.750781 0.336458 0.067187 0.122917
0 0.681250 0.214583 0.056250 0.125000
0 0.291406 0.958333 0.079687 0.079167
0 0.421094 0.214583 0.182812 0.100000
0 0.904687 0.622917 0.056250 0.133333
0 0.729688 0.692708 0.078125 0.097917
0 0.208594 0.496875 0.120313 0.102083
0 0.168750 0.929167 0.128125 0.137500
0 0.485938 0.512500 0.090625 0.087500
0 0.806250 0.506250 0.056250 0.083333
0 0.542969 0.944792 0.164062 0.106250
0 0.772656 0.440625 0.070312 0.077083
0 0.381250 0.277083 0.125000 0.095833
0 0.079687 0.967708 0.103125 0.060417
0 0.281250 0.231250 0.096875 0.087500
0 0.188281 0.546875 0.101562 0.106250
0 0.400781 0.850000 0.073438 0.137500
0 0.122656 0.261458 0.064062 0.152083
0 0.215625 0.053125 0.075000 0.102083
0 0.200781 0.842708 0.117188 0.147917
0 0.596094 0.115625 0.064062 0.106250
0 0.434375 0.375000 0.084375 0.075000
0 0.400781 0.952083 0.085938 0.091667
0 0.686719 0.717708 0.057813 0.077083
0 0.517969 0.035417 0.048438 0.066667
0 0.803125 0.971875 0.109375 0.052083
0 0.240625 0.278125 0.096875 0.110417
0 0.123438 0.091667 0.150000 0.179167
0 0.542188 0.036458 0.100000 0.068750
0 0.482812 0.229167 0.062500 0.075000
0 0.657031 0.964583 0.070312 0.066667
0 0.345313 0.575000 0.065625 0.100000
0 0.439844 0.858333 0.054688 0.162500
0 0.468750 0.450000 0.093750 0.070833
0 0.742188 0.532292 0.084375 0.089583
