0 0.534375 0.145833 0.071875 0.145833
0 0.291406 0.748958 0.151562 0.247917
0 0.365625 0.546875 0.106250 0.172917
0 0.782031 0.821875 0.085938 0.160417
0 0.496094 0.578125 0.126562 0.156250
0 0.738281 0.058333 0.073438 0.112500
0 0.712500 0.940625 0.071875 0.114583
0 0.442188 0.711458 0.131250 0.206250
0 0.240625 0.958333 0.134375 0.079167
0 0.546094 0.262500 0.076563 0.112500
0 0.482031 0.410417 0.107813 0.162500
0 0.251563 0.069792 0.121875 0.135417
0 0.910156 0.702083 0.045312 0.070833
0 0.888281 0.523958 0.076563 0.047917
0 0.571875 0.956250 0.159375 0.083333
0 0.410156 0.310417 0.076563 0.062500
0 0.361719 0.064583 0.098437 0.125000
0 0.149219 0.818750 0.120313 0.129167
0 0.158594 0.247917 0.120313 0.137500
0 0.815625 0.969792 0.059375 0.056250
0 0.787500 0.114583 0.071875 0.116667
0 0.836719 0.905208 0.060937 0.068750
0 0.579688 0.375000 0.100000 0.120833
0 0.620313 0.661458 0.062500 0.156250
0 0.460156 0.200000 0.064062 0.108333
0 0.471094 0.075000 0.120313 0.141667
0 0.288281 0.594792 0.110937 0.097917
0 0.428125 0.965625 0.084375 0.064583
0 0.635938 0.753125 0.081250 0.114583
0 0.748437 0.971875 0.068750 0.052083
0 0.262500 0.070833 0.100000 0.129167
0 0.217969 0.517708 0.207813 0.114583
0 0.142187 0.977083 0.087500 0.041667
0 0.808594 0.260417 0.089063 0.066667
0 0.694531 0.158333 0.098437 0.050000
0 0.541406 0.477083 0.060937 0.100000
0 0.280469 0.317708 0.070312 0.097917
0 0.632812 0.696875 0.087500 0.227083
0 0.568750 0.357292 0.078125 0.089583
0 0.665625 0.581250 0.081250 0.108333
0 0.228125 0.413542 0.175000 0.156250
0 0.069531 0.440625 0.107813 0.143750
0 0.460156 0.410417 0.148438 0.162500
0 0.212500 0.412500 0.143750 0.154167
0 0.168750 0.722917 0.075000 0.100000
0 0.615625 0.270833 0.071875 0.075000
0 0.150000 0.778125 0.121875 0.210417
0 0.168750 0.472917 0.306250 0.204167
0 0.928906 0.297917 0.035937 0.091667
0 0.579688 0.456250 0.053125 0.150000
0 0.140625 0.239583 0.084375 0.120833
0 0.551562 0.575000 0.075000 0.112500
0 0.592969 0.232292 0.045312 0.060417
0 0.251563 0.197917 0.096875 0.091667
0 0.196094 0.277083 0.048438 0.083333
0 0.805469 0.760417 0.064062 0.087500
0 0.729688 0.494792 0.059375 0.093750
0 0.253125 0.523958 0.137500 0.102083
0 0.791406 0.320833 0.079687 0.083333
0 0.692187 0.864583 0.056250 0.075000
0 0.457813 0.105208 0.087500 0.085417
0 0.814063 0.619792 0.075000 0.052083
0 0.170313 0.509375 0.115625 0.097917
0 0.644531 0.826042 0.104688 0.135417
0 0.430469 0.396875 0.089063 0.114583
0 0.448437 0.330208 0.062500 0.089583
0 0.439063 0.730208 0.137500 0.260417
0 0.470313 0.045833 0.121875 0.083333
0 0.181250 0.405208 0.081250 0.139583
0 0.788281 0.809375 0.098437 0.185417
0 0.778906 0.384375 0.070312 0.085417
