0 0.713281 0.175000 0.185938 0.208333
0 0.546875 0.355208 0.137500 0.231250
0 0.388281 0.902083 0.123438 0.150000
0 0.552344 0.183333 0.107813 0.158333
0 0.374219 0.051042 0.157812 0.097917
0 0.604688 0.602083 0.078125 0.116667
0 0.694531 0.797917 0.107813 0.125000
0 0.425000 0.143750 0.153125 0.079167
0 0.209375 0.034375 0.068750 0.064583
0 0.436719 0.252083 0.139063 0.108333
0 0.637500 0.404167 0.062500 0.095833
0 0.629687 0.968750 0.093750 0.058333
0 0.274219 0.483333 0.095312 0.087500
0 0.323437 0.794792 0.078125 0.147917
0 0.180469 0.117708 0.054688 0.122917
0 0.594531 0.918750 0.064062 0.112500
0 0.228125 0.369792 0.046875 0.106250
0 0.261719 0.634375 0.110937 0.122917
0 0.256250 0.236458 0.065625 0.047917
0 0.336719 0.115625 0.070312 0.077083
0 0.665625 0.881250 0.100000 0.129167
0 0.675781 0.607292 0.054688 0.152083
0 0.458594 0.485417 0.064062 0.075000
0 0.550000 0.750000 0.075000 0.095833
0 0.389844 0.546875 0.114062 0.118750
0 0.460156 0.348958 0.070312 0.102083
0 0.504687 0.630208 0.121875 0.122917
0 0.701562 0.366667 0.059375 0.083333
0 0.414844 0.727083 0.064062 0.083333
0 0.349219 0.046875 0.089063 0.047917
0 0.550000 0.662500 0.078125 0.091667
0 0.267969 0.832292 0.057813 0.039583
0 0.423438 0.807292 0.087500 0.047917
0 0.317969 0.486458 0.079687 0.156250
0 0.217969 0.136458 0.064062 0.068750
0 0.652344 0.392708 0.089063 0.114583
0 0.289844 0.940625 0.114062 0.114583
