0 0.37173 0.71317 0.14466 0.18352
0 0.4698 0.6424 0.10709 0.17828
0 0.58207 0.07059 0.0701 0.07441
0 0.39765 0.38721 0.13567 0.1792
0 0.73263 0.37429 0.06259 0.09132
0 0.67446 0.45469 0.06025 0.08298
0 0.17701 0.24959 0.10858 0.10449
0 0.22115 0.60457 0.13122 0.13721
0 0.25057 0.40262 0.1027 0.11723
0 0.30991 0.46135 0.10557 0.10959
0 0.33774 0.8813 0.08153 0.10923
0 0.58738 0.70964 0.1326 0.07682
0 0.26139 0.73902 0.09456 0.13351
0 0.66385 0.15884 0.04797 0.03958
0 0.56746 0.15393 0.07864 0.09693
0 0.43841 0.02309 0.0761 0.04606
0 0.54304 0.245 0.12231 0.11043
0 0.45804 0.86684 0.0895 0.07486
0 0.15303 0.10422 0.07825 0.05749
0 0.51616 0.10762 0.0865 0.13379
0 0.34551 0.5963 0.09323 0.07399
0 0.57273 0.92116 0.08936 0.15619
0 0.24708 0.49485 0.09293 0.0531
0 0.57505 0.76949 0.09866 0.06631
0 0.62953 0.02253 0.05503 0.04519
0 0.25067 0.82495 0.10472 0.0605
0 0.564 0.5826 0.07687 0.14806
0 0.37136 0.22652 0.11519 0.07317
0 0.26852 0.16599 0.1027 0.10938
0 0.53853 0.5662 0.12628 0.17806
0 0.32616 0.1159 0.09771 0.11632
0 0.37844 0.24987 0.13005 0.11968
0 0.26959 0.2463 0.08884 0.08995
0 0.22501 0.0933 0.10122 0.12451
0 0.58628 0.7371 0.13489 0.13223
0 0.73289 0.02077 0.02269 0.04164
0 0.68275 0.28265 0.03572 0.05
0 0.65695 0.352 0.03503 0.06711
0 0.53468 0.54307 0.11882 0.1259
0 0.63226 0.06334 0.04451 0.05683
0 0.44569 0.4733 0.10975 0.08856
0 0.39044 0.55193 0.10478 0.05795
0 0.58574 0.30027 0.06342 0.09757
0 0.5157 0.40492 0.09456 0.10153
0 0.71588 0.37434 0.09716 0.09187
0 0.3356 0.86268 0.08638 0.14696
