0 0.382812 0.108333 0.106250 0.150000
0 0.546094 0.498958 0.154688 0.202083
0 0.875781 0.739583 0.129688 0.100000
0 0.243750 0.830208 0.131250 0.164583
0 0.145313 0.318750 0.128125 0.116667
0 0.482812 0.298958 0.087500 0.114583
0 0.825000 0.851042 0.115625 0.143750
0 0.937500 0.905208 0.121875 0.110417
0 0.666406 0.484375 0.098437 0.185417
0 0.546094 0.940625 0.070312 0.114583
0 0.328906 0.946875 0.107813 0.085417
0 0.526563 0.133333 0.068750 0.112500
0 0.646875 0.164583 0.065625 0.058333
0 0.364063 0.247917 0.084375 0.083333
0 0.366406 0.419792 0.073438 0.143750
0 0.550000 0.809375 0.090625 0.089583
0 0.510938 0.648958 0.090625 0.110417
0 0.256250 0.063542 0.096875 0.122917
0 0.645312 0.637500 0.100000 0.162500
0 0.345313 0.627083 0.093750 0.112500
0 0.626563 0.380208 0.050000 0.089583
0 0.408594 0.973958 0.076563 0.047917
0 0.407031 0.206250 0.073438 0.083333
0 0.573438 0.280208 0.040625 0.097917
0 0.482031 0.955208 0.079687 0.085417
0 0.726562 0.926042 0.109375 0.143750
0 0.857812 0.946875 0.165625 0.102083
0 0.181250 0.037500 0.065625 0.066667
0 0.460938 0.721875 0.087500 0.072917
0 0.350000 0.767708 0.087500 0.072917
0 0.313281 0.416667 0.085938 0.116667
0 0.581250 0.866667 0.096875 0.054167
0 0.207813 0.371875 0.068750 0.093750
0 0.556250 0.170833 0.068750 0.079167
0 0.241406 0.253125 0.195312 0.256250
0 0.521094 0.045833 0.076563 0.087500
0 0.262500 0.438542 0.053125 0.077083
0 0.275000 0.671875 0.050000 0.127083
0 0.129688 0.130208 0.137500 0.160417
0 0.267969 0.081250 0.120313 0.158333
0 0.750781 0.644792 0.064062 0.139583
