0 0.613281 0.750000 0.173437 0.195833
0 0.454688 0.365625 0.103125 0.127083
0 0.346875 0.454167 0.137500 0.245833
0 0.210938 0.378125 0.193750 0.210417
0 0.564063 0.520833 0.093750 0.120833
0 0.182812 0.545833 0.178125 0.129167
0 0.546094 0.905208 0.207813 0.185417
0 0.347656 0.264583 0.104688 0.150000
0 0.510156 0.221875 0.054688 0.097917
0 0.403906 0.095833 0.073438 0.145833
0 0.746875 0.761458 0.093750 0.214583
0 0.561719 0.276042 0.032813 0.085417
0 0.720313 0.939583 0.125000 0.116667
0 0.688281 0.481250 0.067187 0.066667
0 0.430469 0.653125 0.073438 0.164583
0 0.685156 0.665625 0.054688 0.102083
0 0.242969 0.643750 0.120313 0.158333
0 0.443750 0.466667 0.081250 0.095833
0 0.354687 0.947917 0.103125 0.100000
0 0.410156 0.113542 0.060937 0.110417
0 0.437500 0.862500 0.109375 0.095833
0 0.592187 0.411458 0.065625 0.106250
0 0.361719 0.710417 0.167187 0.091667
0 0.825781 0.912500 0.098437 0.095833
0 0.333594 0.190625 0.070312 0.077083
0 0.197656 0.322917 0.129688 0.100000
0 0.210156 0.412500 0.189062 0.141667
0 0.945312 0.764583 0.078125 0.154167
0 0.490625 0.715625 0.065625 0.160417
0 0.394531 0.711458 0.104688 0.089583
0 0.397656 0.084375 0.060937 0.122917
