0 0.231250 0.607292 0.162500 0.193750
0 0.551562 0.671875 0.162500 0.202083
0 0.296094 0.093750 0.176563 0.129167
0 0.832031 0.454167 0.129688 0.154167
0 0.109375 0.083333 0.171875 0.162500
0 0.553125 0.098958 0.131250 0.172917
0 0.458594 0.298958 0.092188 0.222917
0 0.234375 0.430208 0.071875 0.152083
0 0.707031 0.707292 0.104688 0.247917
0 0.407031 0.644792 0.104688 0.110417
0 0.792969 0.287500 0.095312 0.070833
0 0.383594 0.494792 0.107813 0.093750
0 0.386719 0.947917 0.107813 0.100000
0 0.633594 0.431250 0.126562 0.125000
0 0.711719 0.057292 0.085938 0.110417
0 0.784375 0.125000 0.065625 0.241667
0 0.717187 0.745833 0.084375 0.170833
0 0.711719 0.183333 0.095312 0.120833
0 0.477344 0.813542 0.104688 0.143750
0 0.182812 0.288542 0.109375 0.127083
0 0.323437 0.846875 0.100000 0.093750
0 0.408594 0.055208 0.064062 0.106250
0 0.613281 0.541667 0.054688 0.104167
0 0.490625 0.976042 0.053125 0.043750
0 0.525000 0.926042 0.056250 0.118750
0 0.232031 0.051042 0.085938 0.097917
0 0.601562 0.783333 0.093750 0.112500
0 0.259375 0.782292 0.112500 0.077083
0 0.421875 0.878125 0.100000 0.102083
0 0.634375 0.670833 0.068750 0.120833
0 0.336719 0.930208 0.070312 0.135417
0 0.174219 0.232292 0.076563 0.118750
0 0.160938 0.159375 0.078125 0.085417
0 0.365625 0.634375 0.075000 0.114583
0 0.654687 0.823958 0.075000 0.102083
0 0.301563 0.343750 0.140625 0.133333
0 0.198437 0.288542 0.140625 0.135417
0 0.473438 0.841667 0.093750 0.087500
0 0.807031 0.353125 0.098437 0.064583
0 0.317188 0.357292 0.109375 0.106250
