0 0.812500 0.690625 0.159375 0.152083
0 0.189844 0.716667 0.157812 0.125000
0 0.364844 0.278125 0.132812 0.168750
0 0.610156 0.545833 0.107813 0.158333
0 0.218750 0.366667 0.103125 0.054167
0 0.282813 0.123958 0.146875 0.089583
0 0.489063 0.885417 0.137500 0.225000
0 0.758594 0.545833 0.101562 0.087500
0 0.846875 0.956250 0.075000 0.083333
0 0.591406 0.930208 0.132812 0.135417
0 0.566406 0.716667 0.157812 0.225000
0 0.450000 0.635417 0.100000 0.112500
0 0.273438 0.943750 0.075000 0.091667
0 0.449219 0.486458 0.160938 0.139583
0 0.328906 0.969792 0.089063 0.056250
0 0.334375 0.791667 0.084375 0.104167
0 0.747656 0.971875 0.117188 0.052083
0 0.382031 0.885417 0.104688 0.183333
0 0.298438 0.533333 0.093750 0.066667
0 0.677344 0.850000 0.117188 0.241667
0 0.384375 0.544792 0.065625 0.093750
0 0.234375 0.808333 0.103125 0.104167
0 0.550781 0.129167 0.060937 0.141667
0 0.603906 0.052083 0.085938 0.100000
0 0.613281 0.162500 0.076563 0.095833
0 0.229687 0.031250 0.084375 0.058333
0 0.487500 0.069792 0.093750 0.135417
0 0.686719 0.578125 0.082812 0.081250
0 0.251563 0.222917 0.096875 0.075000
0 0.292969 0.675000 0.064062 0.041667
0 0.414844 0.058333 0.089063 0.104167
0 0.414062 0.059375 0.090625 0.106250
0 0.509375 0.521875 0.096875 0.131250
0 0.678906 0.365625 0.057813 0.081250
