0 0.300000 0.609375 0.171875 0.243750
0 0.759375 0.223958 0.156250 0.206250
0 0.700000 0.628125 0.084375 0.106250
0 0.430469 0.220833 0.126562 0.195833
0 0.574219 0.510417 0.079687 0.129167
0 0.745313 0.786458 0.131250 0.156250
0 0.636719 0.328125 0.142187 0.193750
0 0.395313 0.826042 0.131250 0.127083
0 0.146875 0.447917 0.146875 0.179167
0 0.525000 0.346875 0.106250 0.185417
0 0.823438 0.038542 0.100000 0.072917
0 0.571875 0.179167 0.053125 0.187500
0 0.210938 0.536458 0.103125 0.177083
0 0.862500 0.568750 0.068750 0.108333
0 0.552344 0.911458 0.045312 0.118750
0 0.368750 0.469792 0.128125 0.114583
0 0.892188 0.509375 0.062500 0.089583
0 0.964063 0.446875 0.034375 0.122917
0 0.471094 0.147917 0.089063 0.204167
0 0.804688 0.454167 0.071875 0.095833
0 0.931250 0.854167 0.078125 0.066667
0 0.325000 0.266667 0.075000 0.108333
0 0.630469 0.642708 0.110937 0.068750
0 0.656250 0.158333 0.100000 0.087500
0 0.721094 0.060417 0.104688 0.116667
0 0.828125 0.646875 0.059375 0.118750
0 0.657813 0.244792 0.109375 0.093750
0 0.765625 0.497917 0.068750 0.100000
0 0.406250 0.354167 0.093750 0.154167
0 0.631250 0.855208 0.081250 0.206250
0 0.909375 0.713542 0.062500 0.089583
0 0.714844 0.908333 0.160938 0.175000
0 0.562500 0.693750 0.128125 0.195833
0 0.685937 0.391667 0.075000 0.120833
0 0.535937 0.683333 0.075000 0.175000
0 0.850000 0.647917 0.106250 0.120833
0 0.889844 0.761458 0.057813 0.118750
0 0.646875 0.717708 0.059375 0.081250
0 0.439844 0.634375 0.089063 0.077083
0 0.439844 0.622917 0.089063 0.104167
0 0.631250 0.077083 0.096875 0.100000
0 0.387500 0.118750 0.075000 0.166667
0 0.856250 0.306250 0.068750 0.116667
