0 0.80905 0.18907 0.1769 0.14385
0 0.16484 0.24262 0.15597 0.10002
0 0.5224 0.19443 0.18687 0.21767
0 0.71486 0.51278 0.1253 0.13665
0 0.50232 0.85177 0.09599 0.21599
0 0.58654 0.52517 0.14263 0.17797
0 0.32557 0.54263 0.08644 0.13118
0 0.22191 0.34126 0.10421 0.10987
0 0.85291 0.51809 0.06716 0.10888
0 0.52422 0.47471 0.17021 0.23969
0 0.46564 0.03567 0.0877 0.07123
0 0.71079 0.32721 0.07439 0.13392
0 0.77049 0.59232 0.06323 0.07714
0 0.25896 0.05077 0.08121 0.06167
0 0.54409 0.43317 0.1307 0.15719
0 0.63015 0.35051 0.13189 0.24152
0 0.36758 0.42047 0.08944 0.17696
0 0.32237 0.70487 0.05093 0.17499
0 0.18544 0.07466 0.07149 0.11047
0 0.27829 0.4829 0.06541 0.07654
0 0.60433 0.91489 0.08533 0.11392
0 0.74038 0.73856 0.05251 0.04456
0 0.33696 0.04266 0.08296 0.08504
0 0.61517 0.31461 0.09997 0.16833
0 0.37761 0.89671 0.10046 0.13284
0 0.45666 0.3541 0.11418 0.15637
0 0.27539 0.2114 0.06369 0.03554
0 0.39693 0.12599 0.11008 0.10836
0 0.31614 0.32706 0.07721 0.09701
0 0.70238 0.63488 0.11125 0.11951
0 0.74516 0.03647 0.11629 0.0727
0 0.30245 0.36669 0.10494 0.1762
0 0.39045 0.77139 0.06949 0.15684
0 0.6566 0.39159 0.08077 0.16218
0 0.6039 0.79982 0.06854 0.09671
0 0.71436 0.05134 0.17715 0.10222
0 0.6707 0.87908 0.06473 0.18519
0 0.35121 0.22333 0.08531 0.11721
0 0.49281 0.53438 0.10843 0.12407
0 0.61881 0.6285 0.06891 0.1121
