0 0.34172 0.36031 0.16836 0.17953
0 0.82017 0.66666 0.07766 0.106
0 0.7145 0.3542 0.12343 0.15827
0 0.34433 0.74896 0.0867 0.08224
0 0.60882 0.45834 0.06128 0.08409
0 0.59646 0.36358 0.04198 0.12554
0 0.59211 0.63464 0.16684 0.22842
0 0.5588 0.08447 0.06477 0.09842
0 0.73122 0.60642 0.05049 0.10256
0 0.53253 0.46453 0.05963 0.1005
0 0.44687 0.75706 0.09797 0.06886
0 0.47738 0.93534 0.14572 0.12788
0 0.50324 0.08497 0.05947 0.1183
0 0.45593 0.20232 0.09844 0.15235
0 0.35759 0.5232 0.12055 0.12305
0 0.35587 0.61843 0.10682 0.07062
0 0.66544 0.93123 0.15712 0.09098
0 0.68205 0.43298 0.04612 0.07282
0 0.56929 0.64269 0.12183 0.21118
0 0.71405 0.46393 0.10074 0.06012
0 0.41052 0.70264 0.09326 0.10565
0 0.8 0.56151 0.06215 0.03644
0 0.6234 0.60441 0.10492 0.16368
0 0.64528 0.73796 0.09621 0.07539
0 0.38964 0.93149 0.08287 0.09324
0 0.73703 0.77192 0.08497 0.19088
0 0.42573 0.52701 0.10019 0.05572
0 0.61899 0.85534 0.05204 0.11257
0 0.59117 0.15987 0.08741 0.12413
0 0.4131 0.85089 0.05773 0.05463
0 0.55763 0.33349 0.05054 0.07863
0 0.33579 0.9242 0.06781 0.0783
0 0.35708 0.60299 0.11067 0.10402
0 0.52439 0.35451 0.10576 0.11255
0 0.80872 0.66716 0.05354 0.10377
