0 0.189062 0.220833 0.175000 0.158333
0 0.206250 0.373958 0.109375 0.127083
0 0.476562 0.428125 0.106250 0.118750
0 0.746875 0.836458 0.178125 0.272917
0 0.696875 0.134375 0.059375 0.139583
0 0.610156 0.177083 0.089063 0.104167
0 0.685156 0.950000 0.170313 0.095833
0 0.289062 0.843750 0.118750 0.083333
0 0.246875 0.617708 0.103125 0.102083
0 0.217969 0.514583 0.120313 0.070833
0 0.871094 0.481250 0.254688 0.104167
0 0.436719 0.203125 0.104688 0.077083
0 0.632812 0.459375 0.084375 0.093750
0 0.263281 0.041667 0.095312 0.079167
0 0.539062 0.195833 0.062500 0.091667
0 0.741406 0.586458 0.132812 0.206250
0 0.515625 0.762500 0.140625 0.162500
0 0.564063 0.022917 0.050000 0.041667
0 0.501563 0.896875 0.131250 0.139583
0 0.246094 0.712500 0.085938 0.112500
0 0.804688 0.157292 0.093750 0.106250
0 0.450000 0.327083 0.093750 0.079167
0 0.863281 0.743750 0.082812 0.075000
0 0.773438 0.309375 0.103125 0.143750
0 0.622656 0.835417 0.092188 0.216667
0 0.810937 0.255208 0.053125 0.110417
0 0.443750 0.586458 0.112500 0.160417
0 0.548438 0.520833 0.081250 0.108333
0 0.153906 0.050000 0.048438 0.054167
0 0.655469 0.087500 0.057813 0.129167
0 0.671094 0.412500 0.154688 0.225000
0 0.834375 0.229167 0.100000 0.158333
0 0.340625 0.726042 0.034375 0.102083
0 0.420312 0.742708 0.068750 0.077083
0 0.372656 0.636458 0.073438 0.114583
0 0.453125 0.053125 0.056250 0.102083
0 0.362500 0.352083 0.075000 0.137500
0 0.814844 0.206250 0.139063 0.204167
0 0.696875 0.433333 0.109375 0.183333
0 0.836719 0.559375 0.323437 0.260417
0 0.741406 0.560417 0.135937 0.258333
0 0.480469 0.250000 0.064062 0.104167
0 0.642969 0.836458 0.132812 0.218750
0 0.833594 0.480208 0.176563 0.102083
0 0.440625 0.566667 0.100000 0.120833
0 0.636719 0.347917 0.085938 0.095833
0 0.204687 0.519792 0.093750 0.060417
0 0.516406 0.896875 0.160938 0.147917
0 0.435937 0.221875 0.106250 0.114583
