0 0.85824 0.71151 0.18872 0.18465
0 0.75048 0.85275 0.11702 0.13771
0 0.37128 0.07447 0.11709 0.13451
0 0.14605 0.30553 0.10533 0.10762
0 0.61168 0.60825 0.15688 0.15444
0 0.66539 0.47509 0.16597 0.24643
0 0.10213 0.20421 0.13678 0.0809
0 0.65472 0.21758 0.13435 0.21462
0 0.54653 0.09748 0.09349 0.10522
0 0.21797 0.53851 0.11365 0.08816
0 0.66253 0.88026 0.0866 0.15417
0 0.28571 0.32286 0.08221 0.11355
0 0.34713 0.23282 0.10812 0.13213
0 0.42934 0.55762 0.1136 0.12611
0 0.15765 0.40115 0.08346 0.11971
0 0.0902 0.05069 0.17808 0.10123
0 0.45625 0.18587 0.08431 0.13299
0 0.0653 0.05015 0.12832 0.10036
0 0.55005 0.5054 0.09241 0.15736
0 0.7746 0.37316 0.07736 0.08019
0 0.43807 0.43375 0.13913 0.14585
0 0.78517 0.1019 0.25635 0.09866
0 0.60334 0.90279 0.06034 0.10222
0 0.56648 0.13621 0.06656 0.07341
0 0.34157 0.42345 0.06158 0.07958
0 0.59071 0.04668 0.08977 0.09321
0 0.25859 0.41341 0.03189 0.10436
0 0.60914 0.36117 0.06553 0.08438
0 0.12761 0.18739 0.07964 0.04741
0 0.28076 0.13472 0.08399 0.15443
0 0.46532 0.68692 0.04851 0.1554
0 0.48468 0.65797 0.08743 0.21219
0 0.62679 0.08257 0.16362 0.16428
0 0.72577 0.31447 0.08689 0.04665
0 0.08723 0.21544 0.10643 0.05932
0 0.59836 0.08218 0.10637 0.16411
0 0.53245 0.3311 0.08626 0.10482
0 0.21094 0.14811 0.05877 0.14866
0 0.56475 0.50569 0.12216 0.15987
0 0.69385 0.34628 0.11063 0.09941
0 0.55051 0.48433 0.09587 0.19967
0 0.74703 0.10205 0.17953 0.09805
