0 0.51088 0.27512 0.11711 0.13813
0 0.2493 0.51474 0.2015 0.15049
0 0.66004 0.19755 0.09521 0.19657
0 0.82201 0.57771 0.20354 0.11583
0 0.5539 0.43196 0.11968 0.14764
0 0.73413 0.68397 0.08797 0.13864
0 0.44267 0.67722 0.13421 0.14679
0 0.94913 0.96903 0.10181 0.06129
0 0.62778 0.64991 0.21035 0.27276
0 0.25487 0.89072 0.1555 0.07048
0 0.8594 0.7363 0.13521 0.13517
0 0.27476 0.69563 0.15204 0.11071
0 0.49017 0.9458 0.09305 0.10804
0 0.58721 0.09981 0.08759 0.16216
0 0.84129 0.63482 0.0631 0.11873
0 0.26834 0.51365 0.16076 0.14805
0 0.76294 0.98574 0.11329 0.02735
0 0.38461 0.50594 0.10244 0.05783
0 0.87602 0.73585 0.10104 0.13239
0 0.33908 0.9225 0.07842 0.11163
0 0.41081 0.27028 0.08893 0.12477
0 0.49807 0.17396 0.10891 0.06724
0 0.23686 0.72172 0.1509 0.13895
0 0.68697 0.33916 0.07153 0.16848
0 0.92893 0.88383 0.08886 0.0872
0 0.23641 0.7413 0.14881 0.09935
0 0.52734 0.0504 0.07955 0.08726
0 0.29652 0.41457 0.08029 0.12442
0 0.40044 0.0686 0.10114 0.11208
0 0.23243 0.32001 0.05917 0.07663
0 0.49258 0.04362 0.08558 0.08702
0 0.32184 0.25473 0.05145 0.06933
0 0.42431 0.80058 0.16024 0.22051
0 0.33908 0.76883 0.08207 0.12753
0 0.38798 0.28814 0.0482 0.12531
0 0.4245 0.10647 0.0783 0.11888
0 0.50023 0.11709 0.09555 0.07416
0 0.51031 0.80489 0.10336 0.16852
0 0.49774 0.14412 0.10884 0.12674
0 0.64567 0.93394 0.08376 0.11202
0 0.31363 0.28613 0.08407 0.12799
0 0.29513 0.29109 0.11961 0.1383
0 0.82151 0.56124 0.20441 0.14974
0 0.40107 0.27216 0.10956 0.12814
0 0.24785 0.53716 0.20126 0.1044
