0 0.893750 0.657292 0.156250 0.181250
0 0.766406 0.462500 0.151562 0.237500
0 0.546875 0.082292 0.103125 0.152083
0 0.775000 0.184375 0.134375 0.189583
0 0.501563 0.269792 0.103125 0.139583
0 0.854688 0.080208 0.165625 0.060417
0 0.682813 0.085417 0.100000 0.091667
0 0.310156 0.405208 0.129688 0.122917
0 0.235937 0.466667 0.150000 0.141667
0 0.810156 0.856250 0.076563 0.158333
0 0.200000 0.346875 0.103125 0.106250
0 0.667969 0.647917 0.126562 0.179167
0 0.203125 0.179167 0.115625 0.129167
0 0.346875 0.512500 0.087500 0.158333
0 0.150000 0.794792 0.125000 0.160417
0 0.798438 0.319792 0.150000 0.097917
0 0.145313 0.051042 0.121875 0.097917
0 0.517188 0.658333 0.109375 0.129167
0 0.116406 0.512500 0.064062 0.166667
0 0.510156 0.361458 0.073438 0.106250
0 0.042969 0.028125 0.082812 0.052083
0 0.703125 0.531250 0.109375 0.150000
0 0.416406 0.328125 0.082812 0.093750
0 0.686719 0.173958 0.076563 0.122917
0 0.770312 0.912500 0.062500 0.166667
0 0.225781 0.578125 0.073438 0.143750
0 0.772656 0.676042 0.085938 0.102083
0 0.467969 0.543750 0.126562 0.137500
0 0.615625 0.583333 0.093750 0.116667
0 0.469531 0.768750 0.073438 0.129167
0 0.530469 0.804167 0.085938 0.187500
0 0.675781 0.953125 0.057813 0.089583
0 0.578906 0.377083 0.089063 0.104167
0 0.026562 0.398958 0.050000 0.085417
0 0.443750 0.034375 0.106250 0.064583
0 0.628125 0.211458 0.065625 0.077083
0 0.417969 0.400000 0.076563 0.104167
0 0.660937 0.397917 0.078125 0.091667
0 0.512500 0.216667 0.106250 0.091667
0 0.732812 0.950000 0.081250 0.095833
0 0.540625 0.501042 0.087500 0.127083
0 0.596875 0.297917 0.087500 0.100000
0 0.046094 0.209375 0.089063 0.181250
