0 0.49311 0.59326 0.1236 0.13433
0 0.662 0.28601 0.19142 0.09857
0 0.37644 0.78828 0.12935 0.2579
0 0.72257 0.73057 0.13452 0.13788
0 0.50117 0.18319 0.10321 0.15117
0 0.66195 0.18222 0.16811 0.12016
0 0.42349 0.17497 0.15084 0.28097
0 0.39453 0.42997 0.18564 0.14133
0 0.56353 0.86592 0.12793 0.18007
0 0.70758 0.8874 0.08053 0.0839
0 0.61226 0.45342 0.19317 0.14398
0 0.62607 0.05905 0.1114 0.09501
0 0.69072 0.95804 0.05063 0.0823
0 0.27462 0.35504 0.09697 0.11847
0 0.33018 0.18004 0.05362 0.11179
0 0.71762 0.6284 0.11516 0.15833
0 0.56753 0.97366 0.09449 0.05153
0 0.66046 0.15794 0.17104 0.16969
0 0.51943 0.97296 0.19053 0.05298
0 0.49415 0.07009 0.11128 0.12784
0 0.45492 0.27364 0.11647 0.10393
0 0.59538 0.58714 0.12268 0.17287
0 0.35472 0.39588 0.1539 0.16321
0 0.15199 0.84759 0.16975 0.07151
0 0.63782 0.1208 0.11374 0.09738
