0 0.60204 0.41223 0.16489 0.17708
0 0.73033 0.52181 0.20685 0.20469
0 0.42695 0.5335 0.14436 0.08253
0 0.65228 0.69996 0.15456 0.19503
0 0.89756 0.40537 0.1873 0.1238
0 0.60398 0.15698 0.13663 0.21734
0 0.89204 0.7134 0.14075 0.14778
0 0.7824 0.89781 0.2389 0.20298
0 0.7741 0.15019 0.20554 0.16907
0 0.51172 0.24347 0.12127 0.1339
0 0.52011 0.62512 0.14262 0.10206
0 0.80363 0.89801 0.18683 0.20219
0 0.86341 0.24337 0.0902 0.13489
0 0.92502 0.56323 0.14968 0.15765
0 0.41694 0.68677 0.09614 0.09256
0 0.45321 0.43667 0.11548 0.12791
0 0.43778 0.37474 0.1186 0.10256
0 0.91014 0.92904 0.0745 0.14085
0 0.81424 0.17918 0.12658 0.11382
0 0.8957 0.56192 0.20792 0.16099
0 0.46403 0.80401 0.10099 0.08664
0 0.74037 0.13586 0.13885 0.14147
0 0.69832 0.06691 0.06557 0.1336
0 0.56134 0.86937 0.1017 0.12376
0 0.50661 0.88382 0.08094 0.09745
