0 0.42637 0.22527 0.16951 0.19388
0 0.64566 0.70902 0.20665 0.21208
0 0.77127 0.90025 0.18725 0.16888
0 0.73397 0.24056 0.16746 0.13582
0 0.28175 0.8917 0.13285 0.1585
0 0.56649 0.37019 0.21751 0.23883
0 0.73648 0.53876 0.14062 0.16291
0 0.289 0.38172 0.14858 0.10043
0 0.37835 0.4577 0.14246 0.09835
0 0.27996 0.27837 0.12736 0.13316
0 0.44146 0.67533 0.09929 0.11943
0 0.39151 0.92303 0.14261 0.15241
0 0.27269 0.199 0.11432 0.10509
0 0.71342 0.38601 0.24674 0.24361
0 0.33702 0.0734 0.14798 0.14642
0 0.74066 0.15136 0.18173 0.10507
0 0.56565 0.09572 0.06332 0.17716
0 0.44223 0.03833 0.1611 0.07635
0 0.49964 0.5335 0.10977 0.1772
0 0.58316 0.94505 0.09009 0.10855
0 0.77215 0.74661 0.09676 0.1573
0 0.60903 0.17932 0.08823 0.13208
0 0.74717 0.96295 0.12098 0.07244
0 0.68465 0.05525 0.14968 0.11035
0 0.34674 0.64169 0.10279 0.08981
0 0.78016 0.3976 0.12535 0.13513
0 0.72719 0.67752 0.08376 0.09016
0 0.68163 0.96761 0.08304 0.06317
0 0.44261 0.05251 0.16375 0.10487
0 0.71521 0.54057 0.18334 0.17151
0 0.75248 0.89498 0.22501 0.18116
0 0.30325 0.53486 0.07992 0.09076
0 0.69498 0.05274 0.12784 0.10518
