0 0.82057 0.07153 0.14357 0.14311
0 0.7031 0.30057 0.15031 0.15904
0 0.86025 0.8965 0.14892 0.13435
0 0.38059 0.38845 0.0968 0.1074
0 0.33912 0.04887 0.11408 0.09778
0 0.54063 0.26532 0.15721 0.17177
0 0.54236 0.54138 0.08521 0.18468
0 0.87045 0.5979 0.12669 0.06699
0 0.39547 0.88188 0.11226 0.10472
0 0.33062 0.18674 0.12953 0.07583
0 0.86317 0.27034 0.11445 0.13079
0 0.75278 0.7315 0.14672 0.21135
0 0.5724 0.93527 0.11804 0.12874
0 0.53398 0.82886 0.17269 0.16821
0 0.7409 0.91159 0.09352 0.17478
0 0.59586 0.05521 0.10291 0.11051
0 0.35565 0.97315 0.09431 0.05318
0 0.86642 0.17803 0.09023 0.15679
0 0.49956 0.15398 0.09621 0.16457
0 0.42266 0.58784 0.0877 0.15208
0 0.65324 0.07943 0.08925 0.11964
0 0.36478 0.1985 0.19688 0.09912
0 0.34362 0.52023 0.10042 0.10257
0 0.77291 0.38001 0.06488 0.14853
0 0.4053 0.2104 0.11788 0.07657
0 0.87231 0.65703 0.13594 0.04623
0 0.73166 0.07201 0.05616 0.1058
0 0.46584 0.06117 0.08587 0.08742
0 0.80936 0.73049 0.25938 0.21331
0 0.66763 0.7197 0.06463 0.11846
0 0.67118 0.62482 0.07423 0.09417
0 0.41579 0.65455 0.07146 0.10928
0 0.50492 0.4587 0.07815 0.06517
0 0.41175 0.7694 0.12863 0.13415
0 0.56609 0.35929 0.11353 0.1694
0 0.8065 0.97209 0.17031 0.05556
0 0.84424 0.25692 0.15224 0.15857
0 0.74445 0.20552 0.09 0.11199
0 0.84842 0.75029 0.11025 0.07881
0 0.3588 0.51194 0.13134 0.1189
0 0.40629 0.24555 0.12689 0.14349
0 0.47555 0.98002 0.08554 0.03949
0 0.45834 0.05265 0.10752 0.10494
0 0.75822 0.53263 0.11572 0.09876
0 0.38737 0.27001 0.08871 0.0951
0 0.45208 0.02815 0.09707 0.05643
0 0.78129 0.47569 0.06453 0.11304
