0 0.45356 0.84427 0.17039 0.17159
0 0.27429 0.05134 0.13312 0.10269
0 0.4617 0.55471 0.122 0.19947
0 0.78336 0.06586 0.13425 0.13174
0 0.64149 0.30423 0.1641 0.16916
0 0.48463 0.26454 0.16791 0.17104
0 0.29067 0.96958 0.1117 0.06014
0 0.2656 0.19203 0.13475 0.07515
0 0.83986 0.25983 0.16137 0.16826
0 0.70134 0.93175 0.14481 0.13541
0 0.3097 0.39044 0.10102 0.10639
0 0.31696 0.87776 0.11473 0.10503
0 0.83822 0.93775 0.1478 0.12351
0 0.8185 0.93735 0.18849 0.12418
0 0.82857 0.62944 0.13976 0.07543
0 0.48308 0.94435 0.10868 0.11057
0 0.73072 0.38915 0.0833 0.15884
0 0.34009 0.21447 0.11791 0.07541
0 0.5827 0.08922 0.09469 0.16975
0 0.36624 0.58977 0.09086 0.15092
0 0.3032 0.51559 0.10257 0.1101
0 0.55673 0.51579 0.08762 0.14696
0 0.79205 0.79307 0.16918 0.0848
0 0.69625 0.76002 0.20519 0.22394
0 0.77087 0.9317 0.2823 0.13581
0 0.54161 0.10294 0.11341 0.20594
0 0.5419 0.05458 0.11193 0.10935
0 0.82573 0.69494 0.08359 0.05236
0 0.84568 0.17115 0.08006 0.16287
0 0.69687 0.0625 0.06124 0.12089
0 0.64557 0.6423 0.0911 0.09973
0 0.75187 0.49974 0.09552 0.13804
0 0.3529 0.65732 0.0721 0.108
0 0.43914 0.15966 0.10855 0.13194
0 0.70593 0.20506 0.08471 0.11659
0 0.35593 0.80211 0.09401 0.14435
0 0.43319 0.46463 0.09171 0.06673
0 0.29809 0.20339 0.1997 0.09808
0 0.36211 0.77326 0.10777 0.20009
0 0.37276 0.02828 0.07404 0.05665
0 0.67055 0.77228 0.15551 0.19858
0 0.61783 0.4132 0.09185 0.1234
0 0.60828 0.19824 0.08925 0.10403
0 0.29291 0.52585 0.0813 0.08876
0 0.85824 0.26901 0.12463 0.14795
0 0.8636 0.27715 0.11422 0.13069
