0 0.34959 0.17096 0.17757 0.19468
0 0.71262 0.14199 0.16589 0.19996
0 0.25898 0.60109 0.15133 0.13689
0 0.2884 0.36971 0.14538 0.17337
0 0.307 0.92135 0.14559 0.15535
0 0.59459 0.03678 0.12934 0.07352
0 0.53747 0.46594 0.12258 0.09464
0 0.71535 0.4237 0.14155 0.19461
0 0.7697 0.75443 0.14827 0.16486
0 0.68508 0.79064 0.15864 0.13324
0 0.66047 0.45221 0.11339 0.10646
0 0.7124 0.64404 0.14231 0.11669
0 0.36397 0.45854 0.12901 0.11976
0 0.56329 0.70025 0.12248 0.11736
0 0.52925 0.56657 0.09195 0.11457
0 0.5975 0.95545 0.10442 0.08816
0 0.48577 0.0575 0.11867 0.11461
0 0.68181 0.89415 0.12845 0.09545
0 0.2775 0.04334 0.0832 0.08676
0 0.46859 0.93495 0.12716 0.12906
0 0.56411 0.7852 0.11237 0.11479
0 0.7793 0.25708 0.11808 0.0615
0 0.46077 0.78559 0.11358 0.13337
0 0.66497 0.92312 0.23746 0.15284
0 0.40648 0.34294 0.09918 0.12723
0 0.31076 0.71837 0.15984 0.10612
0 0.33243 0.71505 0.11688 0.09937
0 0.45713 0.13155 0.16029 0.19489
0 0.49807 0.35343 0.11415 0.10961
0 0.75615 0.25692 0.16547 0.06346
0 0.70085 0.92338 0.16467 0.15208
0 0.4459 0.68129 0.09246 0.0853
0 0.25694 0.62074 0.14651 0.09727
0 0.27951 0.5764 0.09367 0.08767
0 0.29776 0.0441 0.12395 0.08807
0 0.25953 0.46051 0.11559 0.06935
0 0.56188 0.39244 0.0819 0.10241
0 0.55226 0.6848 0.09974 0.08514
