0 0.55959 0.68667 0.12592 0.22261
0 0.71865 0.22074 0.06302 0.15017
0 0.45036 0.58909 0.12052 0.1709
0 0.43843 0.28145 0.17624 0.20927
0 0.56798 0.35608 0.11728 0.14778
0 0.77041 0.82693 0.15948 0.13722
0 0.61557 0.54218 0.13247 0.16655
0 0.68602 0.68991 0.12457 0.1534
0 0.58928 0.24091 0.09742 0.11795
0 0.54567 0.04499 0.16396 0.08972
0 0.2719 0.94234 0.13366 0.11408
0 0.32365 0.25981 0.08502 0.11968
0 0.78504 0.32109 0.17147 0.07658
0 0.25432 0.6284 0.21352 0.14862
0 0.4268 0.12673 0.07435 0.11795
0 0.53492 0.87515 0.11171 0.15714
0 0.25219 0.0469 0.08411 0.09355
0 0.25595 0.42008 0.12407 0.25033
0 0.71588 0.5835 0.08705 0.09754
0 0.76597 0.31567 0.13193 0.06502
0 0.64569 0.2443 0.07615 0.12204
0 0.76084 0.02897 0.05917 0.05776
0 0.73431 0.49186 0.13632 0.13906
0 0.25967 0.75867 0.1411 0.1183
0 0.61973 0.15801 0.06391 0.07114
0 0.60392 0.86943 0.10599 0.12065
0 0.67312 0.05801 0.07321 0.07854
0 0.71593 0.91797 0.11592 0.09536
0 0.34468 0.46767 0.14114 0.12906
0 0.41007 0.01432 0.07132 0.02867
0 0.49626 0.23041 0.09206 0.12321
0 0.82444 0.34099 0.09361 0.03758
0 0.32541 0.05245 0.12754 0.07977
0 0.19715 0.63669 0.10122 0.08586
0 0.67748 0.96502 0.11883 0.06858
0 0.29047 0.62921 0.14287 0.14513
0 0.71185 0.84132 0.10064 0.14054
