0 0.23729 0.69445 0.14873 0.1506
0 0.5433 0.29138 0.16323 0.21105
0 0.65822 0.35903 0.10063 0.1463
0 0.66458 0.04645 0.15309 0.09241
0 0.51901 0.62874 0.06944 0.15811
0 0.76302 0.48483 0.13127 0.12044
0 0.47613 0.1399 0.10596 0.14691
0 0.2154 0.4833 0.06947 0.10079
0 0.29841 0.43991 0.12505 0.24002
0 0.6469 0.642 0.09046 0.3503
0 0.64719 0.5618 0.08952 0.18761
0 0.77054 0.81068 0.13839 0.14585
0 0.30626 0.87235 0.11636 0.11405
0 0.69496 0.91475 0.1438 0.16833
0 0.81654 0.32525 0.15676 0.06604
0 0.31929 0.24165 0.09398 0.1597
0 0.78253 0.27047 0.22462 0.17458
0 0.54157 0.82018 0.0853 0.11003
0 0.38358 0.27131 0.09945 0.14108
0 0.66847 0.67577 0.21842 0.13367
0 0.49163 0.94507 0.12556 0.10791
0 0.72118 0.67555 0.11258 0.132
0 0.43554 0.65501 0.09947 0.14299
0 0.46488 0.82097 0.11107 0.1171
0 0.66334 0.07143 0.16706 0.1422
0 0.24463 0.93176 0.06661 0.1333
0 0.22773 0.81413 0.08391 0.1295
0 0.81348 0.88339 0.12246 0.11557
0 0.35145 0.66338 0.10088 0.20233
0 0.59855 0.67684 0.0819 0.11913
0 0.38471 0.0459 0.10674 0.04431
0 0.71142 0.91474 0.11024 0.16796
0 0.57962 0.23531 0.11159 0.11949
0 0.39391 0.26262 0.07459 0.12034
0 0.3531 0.69879 0.09738 0.13296
0 0.61277 0.4772 0.1024 0.11419
0 0.51442 0.94575 0.07753 0.10673
0 0.38433 0.50349 0.14956 0.14731
