0 0.55333 0.13186 0.11772 0.13727
0 0.33167 0.72748 0.13433 0.14692
0 0.74799 0.46048 0.13451 0.10495
0 0.75527 0.04494 0.13916 0.08964
0 0.38145 0.24857 0.11536 0.18399
0 0.43365 0.90377 0.12287 0.14759
0 0.28733 0.18602 0.10002 0.08519
0 0.46967 0.49939 0.11148 0.15473
0 0.7743 0.72581 0.09022 0.21473
0 0.52414 0.91411 0.0852 0.1607
0 0.71037 0.33949 0.12209 0.12152
0 0.32237 0.03273 0.09985 0.0653
0 0.61539 0.94483 0.11645 0.10844
0 0.32262 0.50425 0.15051 0.15233
0 0.68908 0.29102 0.16437 0.21669
0 0.57583 0.77286 0.1308 0.11234
0 0.41623 0.414 0.08158 0.19457
0 0.82706 0.83199 0.18223 0.19864
0 0.30758 0.03251 0.06958 0.06464
0 0.47719 0.0322 0.09212 0.04556
0 0.2125 0.9335 0.08594 0.0509
0 0.58084 0.35507 0.09391 0.0629
0 0.69936 0.89078 0.07967 0.18192
0 0.75558 0.97939 0.10152 0.03976
0 0.74425 0.97879 0.12751 0.04074
0 0.5303 0.67392 0.12071 0.22489
0 0.52826 0.52631 0.11199 0.11548
0 0.36071 0.31618 0.07949 0.11095
0 0.75653 0.07047 0.13862 0.14031
0 0.66493 0.25028 0.10751 0.1342
0 0.75313 0.10483 0.12093 0.07176
0 0.49943 0.26983 0.08865 0.14528
0 0.3011 0.42308 0.10118 0.09677
0 0.83684 0.86451 0.16261 0.13323
0 0.63732 0.3277 0.07384 0.15432
0 0.57304 0.41223 0.12647 0.06103
0 0.34735 0.51589 0.1023 0.10949
0 0.70085 0.57273 0.09529 0.07505
0 0.2551 0.88016 0.12704 0.15686
0 0.26831 0.89903 0.09815 0.11598
0 0.34762 0.49869 0.10228 0.14306
0 0.45505 0.53156 0.14103 0.22042
0 0.29321 0.51821 0.09313 0.12253
0 0.41616 0.39012 0.07967 0.14512
