0 0.57474 0.28995 0.13214 0.14416
0 0.6952 0.23677 0.11287 0.20005
0 0.31887 0.35672 0.14085 0.12809
0 0.84334 0.52243 0.16263 0.12483
0 0.35629 0.67486 0.13366 0.1483
0 0.65745 0.41249 0.10693 0.22046
0 0.7717 0.38114 0.13029 0.18231
0 0.80665 0.14989 0.13428 0.11348
0 0.37424 0.8208 0.12157 0.13845
0 0.51287 0.1745 0.10903 0.08492
0 0.36565 0.13083 0.13703 0.25864
0 0.66353 0.03224 0.10594 0.06413
0 0.79483 0.57135 0.11238 0.12817
0 0.49424 0.45787 0.10112 0.08384
0 0.58056 0.05021 0.06794 0.06462
0 0.27992 0.15995 0.04753 0.07222
0 0.46685 0.06104 0.10864 0.12122
0 0.68048 0.5895 0.09129 0.10542
0 0.44147 0.76063 0.08586 0.07742
0 0.38344 0.92039 0.08536 0.0606
0 0.39625 0.3347 0.11025 0.14973
0 0.79574 0.64639 0.12582 0.07977
0 0.51321 0.51848 0.11692 0.07825
0 0.47689 0.31848 0.07504 0.12441
0 0.56143 0.78877 0.10131 0.08613
0 0.45908 0.9103 0.08793 0.07378
0 0.39684 0.31716 0.11617 0.18746
0 0.32715 0.86939 0.09697 0.09607
0 0.35165 0.88539 0.14583 0.1296
0 0.33585 0.8696 0.114 0.09702
