0 0.63804 0.24151 0.13483 0.20657
0 0.78995 0.5367 0.15774 0.16303
0 0.50354 0.27988 0.14387 0.14644
0 0.55819 0.40142 0.13262 0.21647
0 0.73856 0.15001 0.17477 0.13841
0 0.59455 0.58446 0.11086 0.11153
0 0.70571 0.35737 0.11607 0.14956
0 0.66954 0.75863 0.15741 0.18872
0 0.33925 0.63904 0.1417 0.13897
0 0.34754 0.78126 0.12585 0.13603
0 0.49047 0.7629 0.0996 0.10308
0 0.75046 0.41449 0.10277 0.12996
0 0.44431 0.16963 0.1195 0.09651
0 0.32736 0.12495 0.13846 0.24711
0 0.71575 0.88876 0.06798 0.11059
0 0.78411 0.31287 0.12912 0.1303
0 0.57493 0.02771 0.10558 0.05512
0 0.7182 0.57488 0.11762 0.12793
0 0.34481 0.32435 0.12953 0.15114
0 0.44018 0.06556 0.12057 0.11539
0 0.28792 0.33803 0.12845 0.12023
0 0.46803 0.49493 0.09453 0.079
0 0.32763 0.15628 0.13587 0.18538
0 0.4447 0.85287 0.09727 0.12317
0 0.80182 0.32658 0.09384 0.10202
0 0.7072 0.59456 0.14114 0.16712
0 0.35763 0.24355 0.1337 0.08425
0 0.49189 0.74901 0.10367 0.13308
