0 0.74066 0.51942 0.12233 0.10507
0 0.76276 0.94854 0.13644 0.10214
0 0.45379 0.22506 0.12733 0.2104
0 0.62821 0.59384 0.13476 0.18627
0 0.61528 0.7462 0.14272 0.15172
0 0.74001 0.6822 0.08944 0.12921
0 0.29331 0.44695 0.15689 0.15878
0 0.64944 0.85206 0.13527 0.15561
0 0.28952 0.60078 0.1122 0.09753
0 0.66336 0.45692 0.08619 0.09252
0 0.32539 0.77208 0.0894 0.113
0 0.45695 0.67897 0.14146 0.10903
0 0.5045 0.43108 0.11768 0.14356
0 0.52963 0.12588 0.12196 0.14198
0 0.34383 0.64164 0.10515 0.11128
0 0.36765 0.92803 0.08282 0.14229
0 0.43005 0.09526 0.10269 0.1013
0 0.45536 0.07604 0.15322 0.13995
0 0.38794 0.36068 0.08602 0.13431
0 0.54652 0.80046 0.08273 0.13038
0 0.45538 0.5499 0.11524 0.15216
0 0.67433 0.32073 0.05383 0.12122
0 0.55938 0.97666 0.07206 0.04604
0 0.50412 0.04717 0.05637 0.08295
0 0.42038 0.84019 0.08724 0.08973
0 0.58079 0.36995 0.08395 0.11492
0 0.59323 0.95999 0.10166 0.07863
0 0.38933 0.46846 0.07914 0.09473
0 0.50595 0.85175 0.08957 0.11484
0 0.71774 0.3816 0.0422 0.05222
0 0.51156 0.63106 0.09439 0.0748
0 0.47739 0.20946 0.08024 0.1801
0 0.32853 0.85089 0.07128 0.09668
0 0.66405 0.98596 0.05778 0.02721
0 0.65567 0.61857 0.08099 0.13385
0 0.31862 0.44687 0.20862 0.15913
0 0.49534 0.40897 0.09747 0.0982
0 0.61305 0.58729 0.09527 0.17106
0 0.69261 0.33365 0.09147 0.14647
0 0.44337 0.57733 0.09052 0.09827
0 0.65508 0.82816 0.14767 0.20382
0 0.66323 0.44053 0.08689 0.12652
