0 0.35349 0.47192 0.14664 0.17717
0 0.80381 0.49843 0.10742 0.09835
0 0.45802 0.07588 0.11285 0.11491
0 0.58583 0.12689 0.15672 0.17098
0 0.36529 0.6462 0.12432 0.1178
0 0.74025 0.31794 0.08691 0.13293
0 0.61809 0.55392 0.11715 0.17485
0 0.44248 0.68347 0.10564 0.12861
0 0.71999 0.59373 0.12237 0.18952
0 0.41493 0.8403 0.09632 0.14606
0 0.46917 0.37238 0.10299 0.20335
0 0.53446 0.88736 0.09688 0.1069
0 0.53004 0.03636 0.06936 0.07258
0 0.73123 0.7406 0.10963 0.14431
0 0.71023 0.44482 0.12972 0.10844
0 0.6978 0.96197 0.12717 0.0753
0 0.56414 0.21556 0.11081 0.2233
0 0.55856 0.70336 0.12691 0.12061
0 0.54727 0.26428 0.07644 0.12752
0 0.6029 0.43066 0.07132 0.1412
0 0.48611 0.48768 0.08978 0.09655
0 0.77039 0.84197 0.11852 0.13528
0 0.37262 0.94146 0.09481 0.10038
0 0.664 0.80531 0.07995 0.13065
0 0.78738 0.93025 0.09975 0.0749
0 0.45251 0.25494 0.05492 0.06883
0 0.45511 0.95886 0.10268 0.08091
0 0.80831 0.65287 0.08595 0.1267
0 0.77187 0.85618 0.11464 0.10317
0 0.64846 0.34089 0.07887 0.07925
0 0.52281 0.60609 0.06168 0.10677
0 0.54103 0.42392 0.05697 0.12093
0 0.80031 0.74981 0.05972 0.07569
0 0.60257 0.08227 0.11435 0.08195
0 0.61722 0.87119 0.08747 0.10688
0 0.45903 0.93607 0.11141 0.12615
0 0.5857 0.15252 0.15695 0.11105
0 0.68574 0.96193 0.10213 0.07477
