0 0.4256 0.84627 0.15044 0.21381
0 0.50079 0.36772 0.15582 0.19669
0 0.69736 0.82182 0.15432 0.13591
0 0.54294 0.86884 0.09943 0.13223
0 0.67579 0.13699 0.13655 0.07432
0 0.35383 0.4285 0.1428 0.15605
0 0.51166 0.65004 0.14491 0.18011
0 0.47838 0.52664 0.16813 0.16108
0 0.22271 0.19722 0.11163 0.11002
0 0.68327 0.52201 0.07951 0.11848
0 0.63197 0.30203 0.13288 0.08605
0 0.6592 0.69676 0.06308 0.13737
0 0.58199 0.94292 0.08974 0.11307
0 0.27551 0.86681 0.11402 0.16757
0 0.28251 0.1018 0.11205 0.14381
0 0.25849 0.23846 0.11473 0.13732
0 0.513 0.10826 0.08102 0.1109
0 0.58879 0.20079 0.11484 0.14664
0 0.32022 0.02892 0.10816 0.05788
0 0.39827 0.58355 0.09639 0.1096
0 0.67314 0.93228 0.11545 0.13236
0 0.4317 0.1868 0.17299 0.09752
0 0.2456 0.97092 0.08689 0.0569
0 0.21865 0.87662 0.0799 0.1218
0 0.65527 0.96745 0.07645 0.06361
0 0.37204 0.15129 0.10922 0.10676
0 0.62291 0.47875 0.08742 0.13876
0 0.26068 0.51898 0.07994 0.09319
0 0.29164 0.69327 0.07243 0.16075
0 0.23154 0.36022 0.09062 0.0599
0 0.58879 0.76337 0.07503 0.10958
0 0.30486 0.59539 0.09761 0.06744
0 0.29553 0.28282 0.13218 0.15516
0 0.26758 0.38971 0.09219 0.09246
0 0.64822 0.3964 0.08065 0.14913
0 0.63191 0.28845 0.13329 0.11468
