0 0.77374 0.16752 0.12256 0.13992
0 0.35895 0.3471 0.20116 0.38271
0 0.8539 0.7099 0.11827 0.1109
0 0.75104 0.31531 0.14871 0.19351
0 0.62947 0.85119 0.20108 0.29532
0 0.03976 0.93737 0.07915 0.12287
0 0.29265 0.14995 0.23628 0.29985
0 0.63894 0.51899 0.09721 0.1733
0 0.74828 0.90526 0.17779 0.14799
0 0.21568 0.37613 0.15068 0.22304
0 0.07037 0.6826 0.14019 0.1582
0 0.08427 0.77897 0.16748 0.13281
0 0.09385 0.47284 0.18349 0.24221
0 0.18038 0.04545 0.09054 0.091
0 0.63123 0.13931 0.06807 0.13423
0 0.55604 0.33806 0.13268 0.171
0 0.4797 0.08046 0.11838 0.15998
0 0.29116 0.92118 0.24576 0.15614
0 0.51889 0.81181 0.24882 0.37076
0 0.72835 0.58852 0.04848 0.15177
0 0.64997 0.25989 0.06914 0.11426
0 0.64142 0.26176 0.08807 0.12041
0 0.24879 0.1855 0.14867 0.22688
0 0.29939 0.6725 0.07292 0.26284
0 0.67731 0.80843 0.10561 0.20691
0 0.13926 0.97164 0.08536 0.05558
0 0.62578 0.15939 0.08204 0.17492
0 0.58096 0.72502 0.13002 0.19798
0 0.49256 0.56908 0.16694 0.12486
0 0.23232 0.90311 0.12728 0.12094
0 0.53995 0.75045 0.19001 0.2481
0 0.1237 0.47167 0.2428 0.24632
0 0.24151 0.97618 0.13183 0.04632
0 0.79863 0.78452 0.13743 0.13779
0 0.10765 0.42618 0.07408 0.16117
0 0.63424 0.19636 0.10023 0.24811
0 0.41446 0.15746 0.09734 0.14935
0 0.47853 0.85203 0.17027 0.29273
0 0.09503 0.68306 0.18915 0.15941
0 0.79092 0.76735 0.1532 0.17674
0 0.72384 0.31431 0.20438 0.19664
