0 0.73235 0.27563 0.12926 0.10278
0 0.74895 0.75193 0.13385 0.11122
0 0.55539 0.83236 0.12172 0.19452
0 0.61073 0.35971 0.14829 0.1864
0 0.24717 0.2081 0.16949 0.1668
0 0.63465 0.62097 0.12515 0.15152
0 0.3553 0.10021 0.09897 0.14965
0 0.72934 0.44747 0.09492 0.13489
0 0.24795 0.37484 0.12092 0.09394
0 0.28851 0.55853 0.08988 0.11273
0 0.52797 0.57316 0.08857 0.12647
0 0.42728 0.45268 0.14836 0.12944
0 0.64391 0.82001 0.08108 0.11682
0 0.64953 0.1974 0.09133 0.13717
0 0.47316 0.17947 0.14028 0.15901
0 0.59642 0.51117 0.15095 0.15513
0 0.40001 0.02941 0.09479 0.05883
0 0.30643 0.41325 0.11408 0.107
0 0.45651 0.94633 0.10347 0.1038
0 0.41812 0.32187 0.13265 0.16317
0 0.29225 0.6524 0.06635 0.0861
0 0.7177 0.86316 0.09184 0.11116
0 0.39128 0.62068 0.09102 0.08372
0 0.37814 0.25532 0.06911 0.15631
0 0.48449 0.63594 0.09406 0.11655
0 0.64969 0.21867 0.09078 0.09372
0 0.28238 0.95729 0.06851 0.08447
0 0.66378 0.0642 0.05917 0.12546
0 0.47665 0.02009 0.06918 0.04025
0 0.47579 0.86629 0.08581 0.09516
0 0.55939 0.12865 0.09731 0.14818
0 0.48926 0.39113 0.10043 0.0888
0 0.28955 0.83673 0.06742 0.10544
0 0.33894 0.72312 0.08336 0.14212
0 0.37338 0.94984 0.082 0.09939
0 0.44605 0.43278 0.18543 0.16997
0 0.67012 0.95661 0.07571 0.08566
0 0.34409 0.21552 0.07584 0.10205
0 0.34144 0.90138 0.08199 0.15027
