0 0.74607 0.64373 0.16454 0.11724
0 0.56461 0.15521 0.17162 0.20083
0 0.48352 0.68997 0.15374 0.21193
0 0.71044 0.05894 0.15275 0.1085
0 0.53718 0.31441 0.18727 0.1984
0 0.23632 0.92926 0.13826 0.13962
0 0.57907 0.46084 0.14696 0.16476
0 0.20914 0.04223 0.11531 0.08447
0 0.6006 0.70287 0.09884 0.13015
0 0.41098 0.18446 0.12499 0.12547
0 0.32408 0.08825 0.14375 0.16949
0 0.23831 0.37531 0.08935 0.10927
0 0.20285 0.1778 0.12194 0.09809
0 0.70028 0.26425 0.11116 0.15517
0 0.37062 0.26214 0.17161 0.16457
0 0.71036 0.77583 0.11287 0.1383
0 0.53458 0.93013 0.14103 0.13808
0 0.35065 0.93006 0.13234 0.13772
0 0.45591 0.39678 0.11042 0.12921
0 0.28205 0.76035 0.11551 0.19859
0 0.25515 0.21292 0.11476 0.09776
0 0.63649 0.02657 0.1089 0.05312
0 0.67345 0.93625 0.10825 0.11617
0 0.2027 0.79792 0.0581 0.11434
0 0.28861 0.56698 0.08596 0.19233
0 0.22298 0.77822 0.09863 0.15335
0 0.60344 0.83683 0.08019 0.16982
0 0.32458 0.44173 0.10338 0.07003
0 0.67337 0.90019 0.10833 0.18565
0 0.27711 0.04968 0.09597 0.09921
0 0.52508 0.60952 0.10862 0.1125
0 0.68645 0.52812 0.04509 0.14043
0 0.58795 0.43012 0.16504 0.2268
