0 0.582812 0.090625 0.153125 0.177083
0 0.392969 0.081250 0.179688 0.158333
0 0.553906 0.457292 0.120313 0.210417
0 0.229687 0.211458 0.103125 0.122917
0 0.264844 0.840625 0.139063 0.156250
0 0.723437 0.425000 0.137500 0.079167
0 0.292187 0.429167 0.103125 0.195833
0 0.456250 0.304167 0.109375 0.112500
0 0.515625 0.186458 0.084375 0.102083
0 0.210938 0.030208 0.196875 0.056250
0 0.754687 0.944792 0.115625 0.106250
0 0.703906 0.058333 0.098437 0.112500
0 0.634375 0.480208 0.078125 0.114583
0 0.633594 0.217708 0.129688 0.147917
0 0.661719 0.715625 0.092188 0.102083
0 0.363281 0.248958 0.095312 0.068750
0 0.247656 0.678125 0.098437 0.114583
0 0.487500 0.865625 0.106250 0.093750
0 0.363281 0.668750 0.145313 0.204167
0 0.220312 0.354167 0.071875 0.075000
0 0.236719 0.030208 0.145313 0.056250
0 0.666406 0.512500 0.142187 0.179167
0 0.474219 0.525000 0.104688 0.083333
0 0.230469 0.334375 0.092188 0.114583
0 0.307031 0.589583 0.089063 0.191667
0 0.697656 0.881250 0.110937 0.137500
0 0.511719 0.169792 0.092188 0.135417
0 0.641406 0.201042 0.148438 0.177083
0 0.711719 0.880208 0.079687 0.135417
0 0.291406 0.411458 0.098437 0.156250
