0 0.49447 0.09844 0.18401 0.18846
0 0.44329 0.47384 0.15943 0.20316
0 0.73695 0.4736 0.15902 0.10145
0 0.73901 0.90023 0.14183 0.12189
0 0.69271 0.36291 0.07052 0.14424
0 0.53083 0.23834 0.15304 0.15302
0 0.5663 0.51208 0.10424 0.13486
0 0.49391 0.73008 0.12846 0.14065
0 0.36092 0.0798 0.13708 0.15588
0 0.71958 0.15414 0.0852 0.11946
0 0.60545 0.67289 0.10737 0.17394
0 0.30307 0.96407 0.12348 0.07027
0 0.69504 0.15401 0.13447 0.12195
0 0.67247 0.7816 0.10724 0.12101
0 0.29241 0.54185 0.11673 0.18136
0 0.70254 0.61856 0.12971 0.15742
0 0.27193 0.1949 0.0688 0.09272
0 0.43013 0.29755 0.06189 0.10722
0 0.69675 0.04855 0.05942 0.09694
0 0.69162 0.96312 0.09338 0.07224
0 0.55413 0.88699 0.13419 0.20342
0 0.31691 0.23131 0.10033 0.06762
0 0.61157 0.41273 0.0746 0.10031
0 0.63084 0.0662 0.05177 0.13165
0 0.4133 0.19439 0.10647 0.0999
0 0.28591 0.85337 0.11559 0.10086
0 0.499 0.41306 0.0882 0.11618
0 0.5606 0.78342 0.10845 0.11018
0 0.69705 0.72279 0.08611 0.09515
0 0.26002 0.0353 0.12061 0.07052
0 0.24794 0.74687 0.11018 0.09627
0 0.43483 0.84065 0.12682 0.07697
0 0.28899 0.19392 0.103 0.0952
0 0.35063 0.60183 0.14374 0.12927
