0 0.371094 0.110417 0.139063 0.216667
0 0.491406 0.951042 0.148438 0.093750
0 0.539844 0.482292 0.148438 0.177083
0 0.551562 0.768750 0.146875 0.162500
0 0.589844 0.938542 0.126562 0.118750
0 0.703906 0.644792 0.082812 0.114583
0 0.289062 0.951042 0.131250 0.093750
0 0.452344 0.047917 0.120313 0.091667
0 0.512500 0.634375 0.168750 0.152083
0 0.618750 0.330208 0.106250 0.131250
0 0.434375 0.713542 0.100000 0.110417
0 0.666406 0.410417 0.126562 0.100000
0 0.471094 0.135417 0.101562 0.104167
0 0.547656 0.246875 0.079687 0.102083
0 0.677344 0.517708 0.067187 0.147917
0 0.298438 0.358333 0.125000 0.125000
0 0.335156 0.248958 0.101562 0.114583
0 0.468750 0.329167 0.156250 0.120833
0 0.426563 0.816667 0.096875 0.116667
0 0.622656 0.141667 0.123438 0.154167
0 0.405469 0.529167 0.107813 0.083333
0 0.295312 0.500000 0.112500 0.116667
0 0.692187 0.281250 0.128125 0.062500
0 0.312500 0.363542 0.103125 0.110417
0 0.388281 0.559375 0.145313 0.143750
0 0.343750 0.689583 0.125000 0.100000
0 0.607031 0.050000 0.064062 0.041667
0 0.387500 0.923958 0.081250 0.147917
