0 0.48743 0.40347 0.14594 0.1595
0 0.63209 0.91852 0.12174 0.16104
0 0.61456 0.58269 0.12463 0.16881
0 0.75355 0.74627 0.10879 0.16924
0 0.54978 0.14974 0.13995 0.16276
0 0.45134 0.25248 0.06574 0.13101
0 0.76869 0.38882 0.13757 0.07624
0 0.71563 0.85564 0.09256 0.12669
0 0.5075 0.0566 0.13646 0.10894
0 0.46528 0.88416 0.14709 0.11636
0 0.72008 0.11278 0.0934 0.10318
0 0.4684 0.69889 0.14364 0.11818
0 0.40163 0.34379 0.07527 0.09465
0 0.65406 0.68993 0.07665 0.11848
0 0.58399 0.37163 0.12579 0.14012
0 0.36994 0.46126 0.12202 0.18546
0 0.44044 0.1309 0.0844 0.09176
0 0.43775 0.97291 0.14572 0.05257
0 0.39461 0.18295 0.08446 0.08021
0 0.72134 0.06135 0.09538 0.12225
0 0.35485 0.85774 0.10937 0.12642
0 0.36134 0.95945 0.09549 0.07941
0 0.78464 0.64128 0.11434 0.10786
0 0.3606 0.62309 0.125 0.10362
0 0.71542 0.51262 0.1203 0.15769
0 0.37798 0.42294 0.10451 0.1093
0 0.572 0.69969 0.08785 0.08815
0 0.42132 0.05701 0.07414 0.11011
0 0.79965 0.64906 0.08462 0.09028
0 0.59253 0.79915 0.05886 0.1275
0 0.37024 0.77148 0.07584 0.11253
0 0.71335 0.03209 0.07876 0.06396
0 0.38149 0.77135 0.09811 0.1207
0 0.58327 0.14916 0.07276 0.16224
