0 0.49761 0.27156 0.15699 0.27852
0 0.65265 0.55652 0.19692 0.21387
0 0.17473 0.11414 0.12734 0.15803
0 0.08004 0.48844 0.05873 0.12744
0 0.29934 0.39438 0.16755 0.16732
0 0.48088 0.5596 0.12101 0.16877
0 0.34028 0.05568 0.162 0.11147
0 0.10418 0.76885 0.05689 0.12849
0 0.72195 0.27976 0.08177 0.09617
0 0.14802 0.23982 0.12492 0.09695
0 0.12306 0.40013 0.07187 0.09298
0 0.27143 0.95788 0.11937 0.0824
0 0.58174 0.81494 0.0725 0.11751
0 0.34111 0.62995 0.14918 0.12632
0 0.16521 0.30758 0.1193 0.07703
0 0.2753 0.7643 0.07181 0.12229
0 0.24948 0.49069 0.06898 0.08044
0 0.54849 0.11898 0.08846 0.13081
0 0.36676 0.16372 0.13585 0.08227
0 0.46129 0.75098 0.16246 0.28309
0 0.60287 0.80622 0.11527 0.14005
0 0.61563 0.17575 0.04279 0.11706
0 0.38089 0.91227 0.10835 0.09716
0 0.3325 0.52691 0.14102 0.05812
0 0.26381 0.41844 0.09673 0.04735
0 0.2053 0.91868 0.1054 0.15565
0 0.21136 0.68999 0.10454 0.15512
0 0.15056 0.90846 0.11911 0.10751
0 0.22464 0.02906 0.0793 0.05789
0 0.1718 0.62305 0.06951 0.05102
0 0.15594 0.81246 0.05454 0.08287
0 0.40341 0.97154 0.11141 0.05567
0 0.12507 0.51423 0.08062 0.06764
0 0.65272 0.94629 0.09143 0.10538
0 0.54125 0.26732 0.07023 0.17195
0 0.62836 0.02596 0.04975 0.0519
0 0.39929 0.91225 0.14484 0.09902
0 0.28036 0.16106 0.05405 0.15719
0 0.66118 0.78052 0.0639 0.10118
0 0.62048 0.1654 0.05367 0.13964
0 0.14827 0.22498 0.12537 0.06704
0 0.3714 0.75391 0.07689 0.13982
0 0.34637 0.25294 0.1369 0.11479
0 0.35762 0.21586 0.15792 0.18657
0 0.47114 0.2706 0.1032 0.27693
