0 0.8975 0.19837 0.20308 0.18625
0 0.73333 0.35568 0.215 0.30442
0 0.58335 0.251 0.16421 0.17857
0 0.53065 0.90089 0.09082 0.13323
0 0.80452 0.71379 0.11135 0.15737
0 0.8279 0.48152 0.08719 0.12766
0 0.72649 0.79246 0.09843 0.14867
0 0.73219 0.9277 0.10571 0.14304
0 0.62645 0.77558 0.10499 0.12404
0 0.4998 0.08039 0.18232 0.16061
0 0.49725 0.41316 0.05462 0.11011
0 0.30509 0.8589 0.16446 0.16451
0 0.61144 0.57408 0.13273 0.10811
0 0.31423 0.61935 0.07851 0.09276
0 0.40232 0.81456 0.13625 0.23214
0 0.38709 0.63597 0.08953 0.16569
0 0.71923 0.17778 0.12566 0.14976
0 0.30865 0.43607 0.07757 0.13217
0 0.81709 0.94307 0.07443 0.11204
0 0.39942 0.85837 0.12977 0.14512
0 0.84102 0.6886 0.12482 0.12973
0 0.59946 0.40164 0.108 0.13639
0 0.48832 0.67047 0.18185 0.16326
0 0.37447 0.42001 0.08938 0.12684
0 0.88741 0.49979 0.05827 0.08489
0 0.46807 0.93829 0.0851 0.1214
0 0.66195 0.88622 0.09825 0.15643
0 0.27915 0.13559 0.07047 0.12535
0 0.31868 0.71775 0.0743 0.09915
0 0.70556 0.71441 0.0888 0.07123
0 0.49823 0.10106 0.18662 0.20209
0 0.78597 0.56736 0.16802 0.14072
0 0.32236 0.82909 0.10647 0.1041
0 0.32702 0.85302 0.11618 0.15296
0 0.59166 0.57348 0.09104 0.10569
0 0.30377 0.88129 0.16244 0.11797
0 0.717 0.16106 0.11919 0.11537
