0 0.72733 0.34941 0.21294 0.27273
0 0.25571 0.89123 0.175 0.16201
0 0.58182 0.23145 0.14976 0.12833
0 0.57916 0.39325 0.11468 0.13709
0 0.78805 0.65927 0.08954 0.1325
0 0.5642 0.6495 0.05869 0.13048
0 0.65147 0.73643 0.10688 0.12988
0 0.41476 0.14201 0.09733 0.10513
0 0.75295 0.73382 0.08566 0.13125
0 0.59033 0.85189 0.07906 0.15804
0 0.34921 0.34051 0.09604 0.07649
0 0.75668 0.86346 0.07641 0.14882
0 0.41644 0.67003 0.16591 0.17831
0 0.30536 0.43783 0.10593 0.16856
0 0.76091 0.48177 0.07733 0.0562
0 0.23333 0.49335 0.06936 0.06707
0 0.22957 0.56845 0.06637 0.08647
0 0.28594 0.64118 0.10808 0.09132
0 0.68808 0.52923 0.11531 0.11479
0 0.80689 0.20864 0.17382 0.15181
0 0.22543 0.11747 0.11254 0.13321
0 0.6798 0.1908 0.08768 0.13785
0 0.5978 0.55582 0.07466 0.10051
0 0.44174 0.08029 0.18695 0.16039
0 0.44306 0.93528 0.11219 0.12818
0 0.2375 0.11441 0.08788 0.12607
0 0.54729 0.95223 0.08014 0.09363
0 0.40001 0.5188 0.07909 0.07063
0 0.7338 0.07227 0.13482 0.14281
0 0.48734 0.34143 0.05053 0.11822
0 0.35663 0.58618 0.07189 0.10216
0 0.39515 0.42246 0.07509 0.07533
0 0.46546 0.0797 0.13955 0.15922
0 0.57384 0.302 0.10753 0.07282
0 0.70844 0.81017 0.04811 0.17419
0 0.70746 0.6627 0.0896 0.08723
