0 0.64299 0.08605 0.15275 0.17183
0 0.71023 0.34053 0.09262 0.122
0 0.318 0.16743 0.049 0.10603
0 0.54395 0.25253 0.08347 0.09708
0 0.4837 0.5 0.08084 0.10418
0 0.34498 0.56048 0.1356 0.12286
0 0.84774 0.77446 0.13852 0.15956
0 0.44938 0.842 0.14948 0.11892
0 0.75643 0.16271 0.07198 0.1145
0 0.69524 0.74501 0.08934 0.1255
0 0.63561 0.39348 0.08461 0.13462
0 0.75036 0.95218 0.12717 0.09146
0 0.80925 0.39267 0.12074 0.12649
0 0.78424 0.6258 0.13657 0.16256
0 0.40665 0.35119 0.09193 0.12439
0 0.45729 0.28483 0.08268 0.04508
0 0.64116 0.52066 0.09352 0.13494
0 0.76454 0.26712 0.14326 0.11245
0 0.54312 0.02585 0.07895 0.05164
0 0.4064 0.49803 0.12292 0.18787
0 0.46807 0.12216 0.06034 0.09286
0 0.40968 0.71602 0.13859 0.15532
0 0.55564 0.40384 0.08806 0.08247
0 0.7972 0.87667 0.15729 0.10223
0 0.36267 0.25637 0.05467 0.07343
0 0.78069 0.23486 0.19124 0.18833
0 0.63902 0.64362 0.12687 0.12274
0 0.40741 0.97785 0.06467 0.04301
0 0.60826 0.27484 0.06674 0.0613
0 0.81811 0.50733 0.06254 0.09046
0 0.33065 0.82514 0.07029 0.06789
0 0.33559 0.33948 0.06029 0.06198
0 0.80425 0.62391 0.09561 0.1526
0 0.50106 0.72737 0.11108 0.07474
0 0.74175 0.66101 0.05793 0.11105
0 0.66423 0.86959 0.10002 0.06878
0 0.40957 0.09943 0.06356 0.06109
0 0.32401 0.96821 0.07324 0.0622
0 0.84165 0.2226 0.07012 0.09259
0 0.59244 0.47732 0.06489 0.12847
0 0.41831 0.19184 0.09074 0.08157
0 0.36205 0.8579 0.1007 0.12904
0 0.38073 0.93106 0.09201 0.12919
0 0.76548 0.95162 0.15692 0.09184
