0 0.67138 0.23273 0.08974 0.11678
0 0.44634 0.38465 0.08268 0.11826
0 0.32111 0.48067 0.12714 0.10808
0 0.81779 0.70101 0.13444 0.15721
0 0.59333 0.27813 0.08283 0.13228
0 0.51912 0.15648 0.09697 0.10523
0 0.41465 0.74952 0.14624 0.10098
0 0.71826 0.95659 0.1494 0.08539
0 0.29849 0.07911 0.04893 0.10167
0 0.38623 0.26851 0.099 0.13044
0 0.70067 0.86147 0.12231 0.10637
0 0.33107 0.93141 0.15624 0.1355
0 0.72521 0.06744 0.06863 0.11767
0 0.43134 0.1895 0.08276 0.05401
0 0.64142 0.62561 0.08349 0.11596
0 0.57292 0.03461 0.06352 0.06924
0 0.78219 0.3161 0.12776 0.13191
0 0.7718 0.56132 0.12588 0.14984
0 0.41299 0.93628 0.13968 0.12607
0 0.82176 0.14906 0.06727 0.0978
0 0.5976 0.4101 0.09322 0.13125
0 0.35127 0.62118 0.07924 0.13138
0 0.44299 0.22704 0.10626 0.12838
0 0.76256 0.79138 0.16146 0.0983
0 0.42979 0.31432 0.06379 0.08811
0 0.56864 0.92112 0.0702 0.13175
0 0.77055 0.79231 0.13478 0.09335
