0 0.50216 0.38139 0.08375 0.12049
0 0.45386 0.1631 0.09568 0.06021
0 0.29918 0.49157 0.16353 0.13263
0 0.43196 0.78522 0.17282 0.12444
0 0.55711 0.13113 0.08524 0.11996
0 0.67749 0.26342 0.08891 0.14224
0 0.75092 0.21748 0.09846 0.12368
0 0.27419 0.95997 0.11577 0.079
0 0.83432 0.70363 0.15157 0.16274
0 0.30933 0.15386 0.06474 0.08462
0 0.37593 0.2364 0.0861 0.13693
0 0.77318 0.05632 0.07978 0.11214
0 0.78231 0.8688 0.15324 0.0747
0 0.28634 0.0418 0.05507 0.08332
0 0.32305 0.86478 0.12583 0.21235
0 0.49352 0.65107 0.13095 0.08043
0 0.74762 0.63617 0.08624 0.12308
0 0.7558 0.96118 0.12687 0.07657
0 0.52206 0.21278 0.04753 0.12728
0 0.58045 0.92405 0.13794 0.14983
0 0.58584 0.28742 0.09174 0.06859
0 0.68278 0.40847 0.09697 0.13446
0 0.37918 0.65937 0.14969 0.19589
0 0.26311 0.79454 0.08888 0.08576
0 0.78922 0.80222 0.16235 0.09032
0 0.56748 0.03968 0.10146 0.07883
0 0.30225 0.23579 0.07443 0.07815
0 0.38463 0.41515 0.12753 0.21387
0 0.79332 0.33651 0.11623 0.15143
0 0.30419 0.58243 0.08659 0.05861
0 0.44745 0.97822 0.10638 0.04289
0 0.61177 0.93885 0.0761 0.12069
0 0.82632 0.15063 0.07043 0.09428
0 0.78729 0.34943 0.12954 0.18571
0 0.36432 0.96181 0.082 0.0748
0 0.46816 0.29662 0.10574 0.11636
0 0.63809 0.5897 0.15971 0.20472
0 0.63586 0.35671 0.07281 0.14089
0 0.6722 0.01797 0.10577 0.03603
0 0.81044 0.70406 0.19948 0.167
0 0.61532 0.18886 0.08217 0.106
