0 0.21535 0.49179 0.17595 0.1426
0 0.50082 0.19777 0.05456 0.13245
0 0.49442 0.37365 0.06849 0.11434
0 0.42046 0.14472 0.10717 0.06816
0 0.7014 0.94989 0.10033 0.09904
0 0.76 0.83628 0.15179 0.06391
0 0.31015 0.22156 0.06655 0.13376
0 0.52821 0.11623 0.07275 0.10891
0 0.57444 0.93412 0.08731 0.13032
0 0.46988 0.91853 0.11148 0.15218
0 0.72548 0.21416 0.09008 0.11707
0 0.16666 0.84199 0.11101 0.11868
0 0.71857 0.05763 0.08046 0.1145
0 0.20805 0.19843 0.06027 0.09107
0 0.21097 0.12098 0.07198 0.08547
0 0.6764 0.39384 0.08403 0.14548
0 0.67068 0.25947 0.08013 0.1382
0 0.39359 0.80016 0.18502 0.14281
0 0.24522 0.89895 0.10452 0.2002
0 0.21904 0.59351 0.10773 0.06726
0 0.74361 0.67851 0.16095 0.13554
0 0.25445 0.73699 0.08455 0.14281
0 0.17927 0.98389 0.06861 0.0309
0 0.57803 0.27553 0.08704 0.07338
0 0.30915 0.97803 0.08703 0.04269
0 0.72006 0.77387 0.1507 0.07867
0 0.29765 0.65787 0.09345 0.16075
0 0.63526 0.01752 0.06049 0.03531
0 0.62594 0.34684 0.05095 0.14183
0 0.55139 0.45224 0.06664 0.07523
0 0.68245 0.10556 0.09118 0.12099
0 0.33145 0.42915 0.09734 0.14953
0 0.75196 0.61856 0.08602 0.11306
0 0.29689 0.04689 0.07142 0.08114
0 0.43416 0.64777 0.11113 0.0781
0 0.39556 0.28386 0.13689 0.11919
0 0.3539 0.03405 0.07663 0.06786
0 0.40393 0.05034 0.08029 0.0999
0 0.21672 0.46921 0.11104 0.09743
0 0.22324 0.02133 0.06008 0.04252
0 0.50133 0.03366 0.09227 0.06725
0 0.65049 0.84651 0.09967 0.10762
