0 0.58928 0.85064 0.10935 0.11079
0 0.50072 0.3547 0.08519 0.1377
0 0.33455 0.79498 0.07788 0.15037
0 0.61427 0.28045 0.09985 0.11668
0 0.68971 0.35438 0.13979 0.23382
0 0.27804 0.58079 0.08966 0.05498
0 0.57601 0.61382 0.09898 0.12377
0 0.4059 0.92725 0.21814 0.14389
0 0.71836 0.73597 0.11825 0.17019
0 0.41278 0.63177 0.06788 0.16323
0 0.39078 0.19756 0.16777 0.1932
0 0.34481 0.24907 0.07794 0.0714
0 0.74896 0.7638 0.12848 0.20604
0 0.56526 0.15619 0.18073 0.14075
0 0.57416 0.17006 0.16302 0.11209
0 0.56316 0.49505 0.13057 0.17184
0 0.56008 0.54045 0.14913 0.26283
0 0.37695 0.16245 0.13671 0.12351
0 0.66108 0.51503 0.09021 0.18316
0 0.40609 0.35716 0.09176 0.1493
0 0.52772 0.12565 0.10585 0.08187
0 0.43154 0.25392 0.1066 0.08619
0 0.50358 0.24952 0.05996 0.07985
0 0.37272 0.44484 0.06615 0.13868
0 0.42037 0.6355 0.04469 0.15472
0 0.71979 0.91554 0.12417 0.1626
0 0.74846 0.92681 0.06721 0.14211
0 0.61868 0.36411 0.09562 0.08027
0 0.61558 0.67762 0.13114 0.0537
0 0.7805 0.71808 0.06533 0.11455
0 0.40919 0.67958 0.13884 0.22388
0 0.66966 0.35602 0.17949 0.23717
0 0.67309 0.52092 0.06561 0.16203
0 0.63486 0.33884 0.12393 0.13104
0 0.37563 0.17478 0.13336 0.09414
0 0.41105 0.14047 0.06815 0.08067
0 0.43323 0.92502 0.28097 0.14802
0 0.41919 0.19843 0.22489 0.19595
