0 0.77019 0.52917 0.22103 0.24569
0 0.56908 0.75094 0.1686 0.27752
0 0.22286 0.1455 0.12821 0.11218
0 0.25592 0.04672 0.1472 0.09309
0 0.57998 0.53703 0.12708 0.18517
0 0.85488 0.19193 0.09634 0.1033
0 0.43613 0.47188 0.16943 0.09381
0 0.3897 0.33212 0.16998 0.16348
0 0.45128 0.14742 0.17212 0.17248
0 0.24839 0.22627 0.1221 0.08573
0 0.60747 0.23511 0.17245 0.28677
0 0.17241 0.43237 0.05671 0.13324
0 0.21059 0.33161 0.07159 0.09818
0 0.35616 0.36508 0.09833 0.05904
0 0.65397 0.21741 0.08014 0.17826
0 0.81406 0.23882 0.09765 0.12917
0 0.25814 0.82104 0.10944 0.10873
0 0.44014 0.60734 0.1506 0.10589
0 0.4606 0.60701 0.10787 0.10411
0 0.3126 0.61125 0.09045 0.14305
0 0.20981 0.70433 0.05612 0.12031
0 0.29654 0.51253 0.12871 0.09683
0 0.3907 0.82704 0.1334 0.13447
0 0.66614 0.05683 0.10309 0.1132
0 0.34206 0.43506 0.07718 0.07273
0 0.5034 0.28145 0.08899 0.22424
0 0.69478 0.76944 0.12805 0.14959
0 0.33308 0.94061 0.12101 0.11716
0 0.47179 0.70947 0.08408 0.11911
0 0.62112 0.97193 0.08417 0.05472
0 0.67839 0.78207 0.07708 0.11743
0 0.36733 0.10036 0.05449 0.18711
0 0.23499 0.95209 0.10642 0.09482
0 0.73966 0.07731 0.04581 0.13377
0 0.2872 0.85336 0.12541 0.19327
0 0.37403 0.72183 0.06994 0.12243
0 0.22059 0.43833 0.0713 0.07679
0 0.71875 0.31368 0.12596 0.14147
0 0.43883 0.12103 0.19721 0.2288
0 0.4874 0.86438 0.11903 0.08793
0 0.57799 0.23444 0.11233 0.28475
