0 0.84223 0.63819 0.20396 0.24391
0 0.69997 0.87363 0.20161 0.25032
0 0.51467 0.09101 0.1382 0.18121
0 0.51708 0.60249 0.17631 0.12387
0 0.26642 0.10813 0.15121 0.20466
0 0.71516 0.39404 0.14589 0.23065
0 0.86999 0.30494 0.09267 0.09199
0 0.67536 0.66675 0.12349 0.1769
0 0.24494 0.59768 0.09167 0.14508
0 0.26213 0.26954 0.17652 0.1267
0 0.72003 0.15636 0.07082 0.1612
0 0.40452 0.06431 0.10411 0.12863
0 0.63947 0.33211 0.15929 0.19305
0 0.45661 0.46504 0.18858 0.15704
0 0.36377 0.71878 0.08925 0.10333
0 0.28475 0.35244 0.11712 0.0967
0 0.25971 0.47345 0.07949 0.09901
0 0.7969 0.02777 0.07219 0.05557
0 0.41662 0.57988 0.08912 0.06319
0 0.43936 0.51261 0.09854 0.06441
0 0.65234 0.04093 0.1221 0.08166
0 0.5813 0.74725 0.12467 0.08543
0 0.47418 0.86647 0.0513 0.13715
0 0.5708 0.29204 0.14266 0.14163
0 0.28909 0.64888 0.09286 0.09015
0 0.29749 0.95811 0.07521 0.08187
0 0.41448 0.93312 0.18551 0.13209
0 0.31155 0.06561 0.05691 0.13041
0 0.79266 0.43693 0.13495 0.11568
0 0.30884 0.29329 0.08621 0.07954
0 0.64965 0.56387 0.10341 0.12356
0 0.42446 0.2182 0.08011 0.09372
0 0.26089 0.30275 0.17488 0.19383
0 0.2811 0.86597 0.05462 0.14079
0 0.27605 0.07866 0.05369 0.1297
0 0.58495 0.80031 0.14308 0.1895
0 0.42072 0.34581 0.08939 0.09885
0 0.24193 0.26655 0.13658 0.12148
