0 0.72628 0.81014 0.20019 0.22637
0 0.77511 0.58148 0.15682 0.21367
0 0.18759 0.12646 0.16997 0.22469
0 0.50211 0.60709 0.24192 0.13773
0 0.29093 0.08135 0.07959 0.14687
0 0.24476 0.53105 0.08324 0.11973
0 0.35507 0.76371 0.0996 0.11403
0 0.60148 0.33529 0.14968 0.18267
0 0.20279 0.73871 0.10858 0.08657
0 0.67257 0.64166 0.10872 0.15101
0 0.19412 0.6461 0.06963 0.09485
0 0.50132 0.08245 0.0908 0.16458
0 0.17621 0.30556 0.15149 0.12533
0 0.68751 0.0349 0.08832 0.06968
0 0.2936 0.32479 0.09511 0.08853
0 0.25983 0.67031 0.10028 0.16118
0 0.38288 0.08542 0.10141 0.17006
0 0.50223 0.27844 0.05551 0.17812
0 0.69907 0.35807 0.10851 0.21416
0 0.46513 0.4811 0.15858 0.16458
0 0.74122 0.28108 0.07162 0.06617
0 0.22962 0.93093 0.08893 0.08765
0 0.58481 0.8166 0.11183 0.1158
0 0.59648 0.77834 0.14364 0.1903
0 0.20576 0.34399 0.20951 0.20024
0 0.71012 0.37265 0.14865 0.24895
0 0.21185 0.09316 0.08614 0.13984
0 0.22838 0.86117 0.07102 0.07135
0 0.71179 0.35689 0.13986 0.2158
0 0.51178 0.86528 0.03645 0.10679
0 0.48479 0.72185 0.05552 0.09994
0 0.44669 0.47634 0.19563 0.17473
0 0.75726 0.98707 0.05758 0.0246
0 0.24641 0.3939 0.12654 0.10135
0 0.60562 0.92327 0.06978 0.08524
0 0.59679 0.73029 0.14302 0.09595
0 0.2731 0.56645 0.06883 0.06661
0 0.51935 0.08389 0.12899 0.1671
0 0.29031 0.80985 0.08667 0.15865
0 0.45911 0.09809 0.07015 0.1361
0 0.39901 0.08927 0.06981 0.15832
0 0.37838 0.07242 0.093 0.14369
