0 0.76208 0.84034 0.1969 0.2418
0 0.74765 0.10205 0.09091 0.1089
0 0.4448 0.25784 0.14059 0.26731
0 0.3972 0.11467 0.1627 0.22877
0 0.61592 0.59777 0.14415 0.21947
0 0.20106 0.76639 0.05833 0.12815
0 0.81573 0.51741 0.0868 0.08578
0 0.24901 0.48207 0.12783 0.10749
0 0.59267 0.86177 0.11709 0.16857
0 0.73288 0.21594 0.09551 0.14846
0 0.64694 0.37693 0.0812 0.13339
0 0.4548 0.78462 0.16419 0.11161
0 0.33266 0.04726 0.05561 0.09431
0 0.28295 0.34809 0.15232 0.1659
0 0.27222 0.55678 0.10619 0.07208
0 0.46969 0.92688 0.13974 0.08814
0 0.59996 0.96928 0.07553 0.06005
0 0.59195 0.24935 0.10238 0.11919
0 0.4056 0.65671 0.15791 0.13585
0 0.23443 0.66013 0.06999 0.09336
0 0.37803 0.69602 0.09218 0.06097
0 0.65571 0.08601 0.03728 0.1
0 0.78163 0.55998 0.09311 0.10914
0 0.32223 0.91223 0.08812 0.1407
0 0.64065 0.12911 0.09666 0.17717
0 0.51731 0.60248 0.10143 0.18944
0 0.7112 0.64062 0.12688 0.12062
0 0.35873 0.7616 0.0785 0.06749
0 0.48264 0.49907 0.13476 0.11484
0 0.70661 0.43054 0.07692 0.12117
0 0.34798 0.27674 0.09574 0.1394
0 0.65468 0.56897 0.06785 0.14223
0 0.48867 0.11295 0.07588 0.11681
0 0.5992 0.48682 0.08128 0.07234
0 0.71777 0.21545 0.12646 0.15024
0 0.5904 0.59699 0.09273 0.2172
0 0.53819 0.05292 0.09148 0.10547
0 0.55583 0.0543 0.13269 0.10842
0 0.65784 0.12698 0.06196 0.18068
0 0.22158 0.7654 0.09955 0.13032
0 0.27947 0.82067 0.08506 0.07978
0 0.24476 0.45634 0.11863 0.05587
0 0.4669 0.50139 0.16668 0.12041
0 0.46965 0.93848 0.14323 0.11937
0 0.26736 0.34886 0.11982 0.1642
0 0.28358 0.33056 0.15349 0.12964
