0 0.80411 0.7897 0.18042 0.22144
0 0.77339 0.56753 0.17059 0.21198
0 0.39344 0.75512 0.11288 0.18358
0 0.21624 0.13267 0.18182 0.26004
0 0.24588 0.83002 0.15777 0.13641
0 0.28707 0.73856 0.10848 0.10856
0 0.51286 0.49933 0.18863 0.19157
0 0.26063 0.4516 0.15503 0.20134
0 0.38021 0.35432 0.1077 0.09841
0 0.22525 0.34923 0.14503 0.12389
0 0.58246 0.65036 0.22572 0.11501
0 0.76008 0.36817 0.13499 0.24769
0 0.44883 0.09203 0.07451 0.1839
0 0.58161 0.63074 0.22734 0.15626
0 0.24259 0.09259 0.07436 0.15754
0 0.37556 0.08004 0.10828 0.15954
0 0.66646 0.82601 0.1108 0.13714
0 0.6083 0.27816 0.10016 0.205
0 0.26802 0.96528 0.0841 0.068
0 0.4376 0.83912 0.10385 0.11505
0 0.34044 0.59756 0.07978 0.1431
0 0.66177 0.03296 0.08721 0.0658
0 0.79393 0.97291 0.0981 0.05282
0 0.58201 0.05521 0.06649 0.1104
0 0.73244 0.36846 0.19038 0.24999
0 0.54507 0.75483 0.07072 0.1054
0 0.81622 0.97295 0.05313 0.05255
0 0.57157 0.18416 0.10913 0.12663
0 0.3547 0.90355 0.10397 0.17519
0 0.52425 0.91104 0.10487 0.16521
0 0.78847 0.56388 0.13982 0.20326
0 0.18867 0.10486 0.12643 0.20453
0 0.73308 0.63585 0.09459 0.13631
