0 0.81354 0.27677 0.19388 0.21923
0 0.68154 0.48112 0.18975 0.2448
0 0.50547 0.26103 0.16585 0.09392
0 0.29813 0.80471 0.14041 0.15228
0 0.43582 0.12246 0.18987 0.17569
0 0.65671 0.29563 0.11897 0.16725
0 0.23421 0.24952 0.09256 0.14103
0 0.42351 0.6415 0.1637 0.17978
0 0.54957 0.37586 0.14323 0.10921
0 0.71748 0.73257 0.10884 0.12786
0 0.26788 0.35814 0.09139 0.07271
0 0.69199 0.07244 0.13848 0.14438
0 0.30223 0.65007 0.07655 0.10133
0 0.59887 0.04405 0.09846 0.088
0 0.49545 0.97505 0.10317 0.04825
0 0.55304 0.47602 0.0969 0.11514
0 0.42668 0.79263 0.14895 0.18876
0 0.24321 0.13596 0.07665 0.0982
0 0.59635 0.78501 0.09147 0.15138
0 0.52928 0.70873 0.04773 0.11134
0 0.77468 0.90547 0.08423 0.11287
0 0.40478 0.23646 0.08746 0.08104
0 0.46832 0.50707 0.04881 0.11639
0 0.525 0.89802 0.05762 0.09053
0 0.37002 0.94961 0.10794 0.09948
0 0.58156 0.6183 0.09848 0.10045
0 0.42396 0.16235 0.09632 0.05251
0 0.27271 0.03564 0.10851 0.07084
0 0.65467 0.74254 0.08032 0.08892
0 0.35638 0.39668 0.0854 0.08933
0 0.28081 0.52232 0.06218 0.13333
0 0.68313 0.81535 0.08275 0.09465
0 0.33896 0.43729 0.11678 0.15201
0 0.73617 0.09529 0.11653 0.11814
0 0.64954 0.2246 0.14297 0.11025
0 0.65565 0.27727 0.11599 0.12838
