0 0.87567 0.30651 0.21829 0.23223
0 0.68245 0.51169 0.16992 0.25946
0 0.68764 0.31457 0.12084 0.17495
0 0.53788 0.26284 0.15035 0.08323
0 0.49669 0.12453 0.17479 0.17913
0 0.73008 0.77562 0.09858 0.13916
0 0.73093 0.08151 0.17207 0.16313
0 0.55915 0.37826 0.14726 0.10161
0 0.45312 0.22872 0.07989 0.0778
0 0.70117 0.08046 0.11053 0.16072
0 0.34703 0.75627 0.11815 0.14364
0 0.58845 0.79931 0.08549 0.13537
0 0.46795 0.15812 0.09493 0.05904
0 0.77696 0.55581 0.06601 0.10521
0 0.32621 0.48939 0.04915 0.11427
0 0.49554 0.65927 0.12068 0.20761
0 0.30811 0.22585 0.10014 0.13088
0 0.35364 0.03197 0.10846 0.06357
0 0.41444 0.37992 0.07637 0.08825
0 0.67024 0.9378 0.0925 0.1121
0 0.34176 0.95676 0.05978 0.04013
0 0.80596 0.94819 0.08997 0.10225
0 0.40636 0.92007 0.0865 0.15805
0 0.31623 0.12348 0.06885 0.08786
0 0.48866 0.49708 0.05609 0.10994
0 0.35438 0.60381 0.07586 0.09328
0 0.65706 0.76984 0.0717 0.08046
0 0.82677 0.09537 0.1392 0.1514
0 0.38017 0.31449 0.11439 0.09886
0 0.36507 0.60331 0.09817 0.09476
0 0.51389 0.89626 0.06586 0.09292
0 0.52922 0.13257 0.10828 0.16157
0 0.51433 0.96404 0.0971 0.05958
0 0.59863 0.62799 0.12087 0.08703
0 0.77192 0.04866 0.09096 0.09717
0 0.83538 0.49442 0.07947 0.07732
0 0.7924 0.75176 0.05432 0.17016
0 0.49623 0.69179 0.11817 0.14177
0 0.69002 0.23543 0.11763 0.1201
0 0.66884 0.84416 0.08348 0.10238
0 0.57361 0.48077 0.08624 0.11077
0 0.61578 0.08399 0.0972 0.16697
0 0.34612 0.77833 0.11626 0.09811
0 0.40406 0.38235 0.09804 0.09251
