0 0.73335 0.2822 0.19331 0.21809
0 0.58314 0.48271 0.17148 0.24325
0 0.42139 0.25746 0.16 0.09148
0 0.56888 0.29616 0.11385 0.16516
0 0.36512 0.12121 0.18047 0.17674
0 0.16716 0.23685 0.10141 0.13602
0 0.2366 0.78324 0.13824 0.14332
0 0.45364 0.37275 0.14312 0.10646
0 0.70623 0.91048 0.09799 0.11575
0 0.62968 0.73306 0.10011 0.1261
0 0.1722 0.12536 0.07439 0.09099
0 0.50504 0.78121 0.08363 0.13459
0 0.60135 0.07456 0.14435 0.14906
0 0.33131 0.76273 0.1028 0.17434
0 0.43942 0.88609 0.07742 0.09505
0 0.28905 0.38545 0.08189 0.09185
0 0.21583 0.50672 0.06954 0.12628
0 0.21409 0.34634 0.08051 0.06415
0 0.6644 0.52567 0.05837 0.07986
0 0.32805 0.22993 0.07793 0.07871
0 0.34346 0.15644 0.0944 0.05474
0 0.58508 0.90032 0.0767 0.10241
0 0.49633 0.61431 0.11545 0.09859
0 0.36985 0.63604 0.13191 0.16078
0 0.24144 0.98591 0.07883 0.02665
0 0.44373 0.70411 0.04186 0.1047
0 0.57497 0.07421 0.0912 0.14814
0 0.39867 0.12217 0.1139 0.17359
0 0.38378 0.49744 0.05311 0.10985
0 0.56757 0.73727 0.07503 0.08784
0 0.63778 0.04383 0.07314 0.08753
0 0.2341 0.62799 0.06937 0.0978
0 0.58475 0.80976 0.08006 0.09216
0 0.41989 0.96268 0.09269 0.06117
0 0.20332 0.03021 0.10637 0.05992
0 0.50579 0.04476 0.07939 0.089
0 0.33228 0.11006 0.11565 0.14731
0 0.23753 0.76561 0.14142 0.18272
0 0.54876 0.2209 0.08665 0.10354
0 0.45442 0.41991 0.14413 0.20081
0 0.6762 0.96401 0.0927 0.07041
0 0.56775 0.27822 0.11064 0.12779
