0 0.76821 0.43226 0.17484 0.21598
0 0.28109 0.32391 0.10234 0.0883
0 0.36878 0.30396 0.10393 0.16485
0 0.74795 0.24939 0.1761 0.18657
0 0.34526 0.92821 0.1428 0.14211
0 0.49046 0.14272 0.18959 0.18716
0 0.2501 0.43641 0.14172 0.10571
0 0.42222 0.44623 0.09571 0.09706
0 0.25275 0.09953 0.1289 0.19887
0 0.69957 0.07089 0.15105 0.14154
0 0.32298 0.17808 0.07509 0.13096
0 0.38616 0.76036 0.1026 0.10648
0 0.57183 0.77124 0.0981 0.11051
0 0.63846 0.70485 0.06609 0.09619
0 0.7836 0.64629 0.05214 0.08613
0 0.71033 0.75305 0.08781 0.13937
0 0.26834 0.09994 0.16072 0.19949
0 0.78353 0.73491 0.04413 0.09248
0 0.34856 0.52148 0.09156 0.17147
0 0.73938 0.6809 0.08426 0.07171
0 0.63751 0.46505 0.10035 0.11359
0 0.26931 0.65523 0.08332 0.08662
0 0.82219 0.92944 0.06165 0.0864
0 0.27447 0.58202 0.07207 0.07914
0 0.58606 0.67312 0.08568 0.04948
0 0.6435 0.37114 0.15219 0.11893
0 0.5316 0.39621 0.07264 0.11167
0 0.6171 0.05998 0.11018 0.12007
0 0.5591 0.27025 0.23037 0.11321
0 0.29635 0.10016 0.21661 0.19959
0 0.44291 0.68656 0.09144 0.17271
0 0.49282 0.26039 0.09552 0.08908
0 0.41987 0.61008 0.05557 0.13356
0 0.3915 0.8437 0.12414 0.08013
0 0.50531 0.54457 0.09062 0.12797
0 0.5411 0.30096 0.26652 0.17557
0 0.41821 0.84668 0.07074 0.07378
0 0.67065 0.3674 0.09941 0.1119
0 0.73923 0.66439 0.08649 0.10452
0 0.29973 0.73193 0.09452 0.08955
0 0.60445 0.5229 0.06092 0.11304
0 0.29692 0.25986 0.06074 0.06485
0 0.55138 0.77791 0.05764 0.09638
0 0.61764 0.04602 0.10583 0.09161
0 0.79095 0.92573 0.12334 0.09625
0 0.67071 0.07193 0.2091 0.14372
