0 0.9156 0.14131 0.16766 0.26201
0 0.34649 0.14698 0.17549 0.10648
0 0.71051 0.94034 0.18456 0.11828
0 0.84293 0.94291 0.15142 0.11295
0 0.56081 0.14784 0.10465 0.10771
0 0.87651 0.83214 0.10841 0.08081
0 0.45942 0.77366 0.16047 0.16639
0 0.70034 0.55524 0.09748 0.12667
0 0.37525 0.52584 0.17926 0.15528
0 0.77327 0.23069 0.08351 0.10685
0 0.36993 0.341 0.09052 0.10476
0 0.63406 0.70224 0.10973 0.15425
0 0.56184 0.62675 0.10722 0.10907
0 0.9044 0.72838 0.1534 0.09745
0 0.46326 0.24126 0.09232 0.17313
0 0.76293 0.45709 0.12144 0.13118
0 0.87903 0.42632 0.09031 0.09529
0 0.64863 0.10821 0.07955 0.12348
0 0.89004 0.03313 0.10301 0.06625
0 0.69652 0.8208 0.08565 0.1117
0 0.80468 0.35788 0.0465 0.10114
0 0.57181 0.45968 0.15037 0.2103
0 0.91517 0.40479 0.05332 0.09063
0 0.68666 0.82067 0.10714 0.1157
0 0.38243 0.01767 0.06749 0.03539
0 0.5673 0.02886 0.0741 0.05755
0 0.60344 0.4497 0.08582 0.18475
0 0.84995 0.63736 0.04981 0.0989
0 0.7776 0.17778 0.12386 0.12794
0 0.43321 0.61806 0.17663 0.10322
0 0.36402 0.89234 0.12396 0.09785
0 0.70492 0.29884 0.06943 0.0998
0 0.76892 0.14305 0.14134 0.20363
0 0.82528 0.06459 0.11259 0.12738
0 0.66836 0.02887 0.06964 0.05751
0 0.36264 0.43393 0.1001 0.11283
0 0.68747 0.46677 0.12198 0.11772
0 0.94795 0.72282 0.07102 0.07587
0 0.59135 0.27909 0.0626 0.11062
0 0.53849 0.9148 0.10575 0.1552
0 0.93058 0.48251 0.0367 0.11274
0 0.59506 0.30753 0.07122 0.16744
0 0.47309 0.05475 0.12815 0.10876
0 0.74803 0.09568 0.10022 0.11226
0 0.46291 0.92361 0.1268 0.15036
0 0.40268 0.66392 0.11755 0.10249
0 0.44487 0.40664 0.07064 0.11383
0 0.4671 0.61563 0.11525 0.09973
0 0.85676 0.5199 0.08619 0.12192
0 0.78369 0.45723 0.07987 0.12795
0 0.91052 0.39634 0.04291 0.07371
