0 0.77678 0.12402 0.14254 0.2474
0 0.24889 0.57177 0.20308 0.16604
0 0.24319 0.15188 0.19986 0.11698
0 0.63449 0.93422 0.18486 0.1302
0 0.4999 0.47826 0.16153 0.29644
0 0.54201 0.307 0.07827 0.17189
0 0.71725 0.89863 0.1397 0.10235
0 0.40697 0.81853 0.17947 0.14964
0 0.47411 0.14385 0.10105 0.11091
0 0.37164 0.42092 0.08995 0.11744
0 0.74552 0.7781 0.09725 0.07592
0 0.67624 0.21269 0.09349 0.11249
0 0.67262 0.18729 0.10113 0.16238
0 0.63013 0.08991 0.09682 0.12394
0 0.27514 0.36927 0.09636 0.12303
0 0.67964 0.43889 0.0772 0.12702
0 0.53135 0.09789 0.07774 0.11456
0 0.69307 0.33987 0.05451 0.09307
0 0.56778 0.70211 0.13776 0.15895
0 0.36752 0.24583 0.10434 0.18225
0 0.25592 0.96792 0.14091 0.06275
0 0.50851 0.64376 0.12097 0.11133
0 0.61662 0.54563 0.08037 0.11958
0 0.27533 0.47116 0.10741 0.12636
0 0.25562 0.07605 0.07947 0.06807
0 0.28666 0.71128 0.13584 0.09698
0 0.54368 0.13005 0.10487 0.17767
0 0.47483 0.0231 0.07225 0.04602
0 0.36834 0.06636 0.08333 0.08338
0 0.65051 0.4416 0.13366 0.13384
0 0.63527 0.65131 0.07407 0.14358
0 0.75072 0.48996 0.07891 0.10601
0 0.39901 0.93353 0.13436 0.13139
0 0.70162 0.05623 0.08589 0.11172
0 0.39462 0.65863 0.14691 0.1083
0 0.67808 0.1564 0.07582 0.1022
0 0.71179 0.54408 0.09988 0.10118
