0 0.9105 0.14016 0.17786 0.27977
0 0.27406 0.15935 0.19993 0.12305
0 0.51972 0.15498 0.11855 0.12159
0 0.41438 0.85207 0.19259 0.19184
0 0.55881 0.34255 0.08125 0.19039
0 0.87301 0.86849 0.11364 0.09139
0 0.68009 0.5977 0.10839 0.1427
0 0.40644 0.26955 0.11763 0.21095
0 0.30828 0.37738 0.09981 0.11887
0 0.75708 0.23915 0.09962 0.12572
0 0.53259 0.6924 0.11705 0.11596
0 0.76427 0.18083 0.13219 0.1355
0 0.77092 0.49192 0.09229 0.13623
0 0.72865 0.08952 0.10952 0.12324
0 0.87416 0.44669 0.09782 0.10737
0 0.61999 0.10377 0.08505 0.13386
0 0.8157 0.96328 0.1844 0.07238
0 0.39375 0.43956 0.07622 0.12393
0 0.67807 0.87808 0.10702 0.13258
0 0.61444 0.76668 0.12353 0.16568
0 0.48065 0.58538 0.1264 0.1188
0 0.54273 0.49833 0.15135 0.21917
0 0.52324 0.02682 0.07609 0.05348
0 0.74863 0.49053 0.13756 0.13982
0 0.31989 0.57421 0.18888 0.16928
0 0.66714 0.97052 0.12127 0.05783
0 0.3035 0.47874 0.10894 0.12293
0 0.41821 0.05506 0.14925 0.10978
0 0.79406 0.38091 0.05207 0.11317
0 0.93246 0.50624 0.03774 0.1142
0 0.90713 0.41305 0.04671 0.08221
0 0.81192 0.06204 0.11926 0.12328
0 0.61221 0.29196 0.08831 0.16007
0 0.32969 0.95843 0.1432 0.08101
0 0.30213 0.0166 0.06191 0.03339
0 0.94871 0.75908 0.07607 0.08198
0 0.84783 0.68512 0.05586 0.11021
0 0.66297 0.49272 0.12432 0.13419
0 0.8544 0.55799 0.09292 0.1366
0 0.72711 0.4493 0.09984 0.05552
0 0.6812 0.3067 0.07052 0.10821
0 0.43699 0.68159 0.10819 0.10753
0 0.57966 0.92209 0.10073 0.15429
0 0.83295 0.96341 0.14463 0.07214
0 0.91685 0.42789 0.06657 0.11225
