0 0.76181 0.20938 0.26123 0.33724
0 0.2623 0.67395 0.17188 0.18044
0 0.58785 0.08318 0.19583 0.16613
0 0.90465 0.05675 0.18946 0.1133
0 0.55195 0.5351 0.05761 0.13832
0 0.80569 0.56376 0.10262 0.15415
0 0.22542 0.12296 0.10079 0.06862
0 0.63592 0.64004 0.11781 0.14912
0 0.58975 0.22767 0.1324 0.15832
0 0.27038 0.46922 0.0987 0.1124
0 0.48482 0.95768 0.10755 0.08316
0 0.3088 0.23462 0.13432 0.20474
0 0.54841 0.76416 0.07771 0.12643
0 0.71245 0.57082 0.10225 0.09841
0 0.73842 0.78235 0.08946 0.1375
0 0.61187 0.42568 0.11799 0.11311
0 0.47928 0.25778 0.05579 0.1379
0 0.74401 0.65626 0.0945 0.12318
0 0.42249 0.48088 0.18302 0.20409
0 0.24781 0.95174 0.10162 0.05511
0 0.7206 0.94107 0.23659 0.11491
0 0.36116 0.89635 0.10473 0.18546
0 0.77866 0.45783 0.12684 0.1162
0 0.29806 0.4526 0.15142 0.14932
0 0.79458 0.96264 0.06385 0.07285
0 0.626 0.5127 0.10474 0.1029
0 0.27045 0.96157 0.14686 0.07508
0 0.29899 0.8343 0.07964 0.08741
0 0.72779 0.04354 0.12448 0.08696
0 0.30803 0.97124 0.07514 0.05596
0 0.50386 0.88657 0.13056 0.0724
0 0.33854 0.14288 0.10608 0.10698
0 0.37497 0.89765 0.13378 0.19085
0 0.6956 0.74017 0.07414 0.13134
0 0.82914 0.82401 0.08816 0.12107
