0 0.1176 0.44286 0.20901 0.16932
0 0.69935 0.86107 0.15093 0.12577
0 0.40285 0.45921 0.09017 0.13234
0 0.32805 0.80839 0.18932 0.20785
0 0.64608 0.07498 0.173 0.14775
0 0.69585 0.23248 0.11484 0.17042
0 0.20029 0.152 0.10733 0.29913
0 0.41406 0.20078 0.06279 0.16659
0 0.29778 0.21817 0.18772 0.22895
0 0.72744 0.61908 0.13923 0.13443
0 0.10259 0.16284 0.10075 0.11154
0 0.61851 0.47289 0.10337 0.1656
0 0.6166 0.31941 0.10309 0.16526
0 0.51114 0.31789 0.10943 0.13926
0 0.23611 0.38222 0.1376 0.25431
0 0.45264 0.08207 0.10187 0.13326
0 0.71835 0.01983 0.08671 0.03973
0 0.69012 0.7278 0.08849 0.1445
0 0.51904 0.91883 0.08198 0.14341
0 0.19834 0.18791 0.10022 0.22671
0 0.23794 0.43419 0.1338 0.15143
0 0.38261 0.65008 0.14077 0.07394
0 0.12044 0.76485 0.10588 0.07261
0 0.47893 0.082 0.15496 0.13436
0 0.55654 0.75879 0.10983 0.11501
0 0.35803 0.9638 0.1121 0.07077
0 0.31555 0.50782 0.09206 0.12266
0 0.59131 0.23095 0.10528 0.11329
0 0.56264 0.42523 0.07213 0.16454
0 0.51119 0.40178 0.07861 0.10283
0 0.09488 0.09103 0.06524 0.0887
0 0.18581 0.81419 0.10614 0.13335
0 0.64168 0.93909 0.08446 0.11833
0 0.21674 0.66347 0.11413 0.21056
0 0.39848 0.04354 0.06762 0.08485
0 0.09658 0.0474 0.06253 0.09417
0 0.5154 0.5788 0.10414 0.1777
0 0.09582 0.0677 0.07019 0.13408
0 0.17166 0.90597 0.1482 0.18641
0 0.70223 0.72768 0.11456 0.14801
0 0.17211 0.10435 0.08841 0.11529
0 0.66745 0.72896 0.18271 0.14568
0 0.23776 0.65451 0.17788 0.23441
0 0.12185 0.30415 0.10502 0.07153
0 0.11663 0.47263 0.20688 0.10797
