0 0.24731 0.31359 0.24537 0.20988
0 0.38794 0.0981 0.10985 0.17406
0 0.60869 0.46688 0.18463 0.22148
0 0.74961 0.17559 0.08489 0.14976
0 0.26996 0.15016 0.13141 0.16803
0 0.5382 0.22676 0.2005 0.42585
0 0.70969 0.82814 0.26558 0.22429
0 0.84019 0.51383 0.15173 0.10644
0 0.79835 0.64425 0.10546 0.06922
0 0.67415 0.2948 0.0946 0.13794
0 0.55337 0.37088 0.14098 0.14098
0 0.56142 0.92055 0.09441 0.1577
0 0.24575 0.81962 0.15281 0.11608
0 0.77868 0.78097 0.16305 0.12189
0 0.66985 0.96261 0.14755 0.07329
0 0.42411 0.5977 0.2065 0.16162
0 0.40608 0.41254 0.16927 0.10312
0 0.67521 0.82764 0.19703 0.22337
0 0.76288 0.06125 0.06929 0.10703
0 0.87592 0.20994 0.03895 0.11703
0 0.29899 0.91993 0.08039 0.13229
0 0.70953 0.08366 0.05276 0.04821
0 0.27013 0.04584 0.11301 0.09106
0 0.71214 0.93964 0.0949 0.05387
0 0.45879 0.51881 0.07732 0.15543
0 0.56939 0.18675 0.13531 0.34188
0 0.28645 0.51223 0.15505 0.07939
0 0.67314 0.2636 0.0997 0.19946
0 0.639 0.63589 0.13961 0.12057
0 0.64205 0.10832 0.06022 0.08647
0 0.82488 0.25241 0.08875 0.10369
0 0.66134 0.63498 0.0942 0.11854
0 0.40748 0.82647 0.19094 0.29047
0 0.40597 0.38704 0.16939 0.15361
0 0.76504 0.35133 0.11137 0.10751
0 0.3698 0.57815 0.09809 0.12292
0 0.54058 0.18643 0.19355 0.34387
0 0.56819 0.13991 0.12739 0.25028
