0 0.55408 0.68028 0.08848 0.10812
0 0.78137 0.80183 0.11875 0.15454
0 0.54669 0.36463 0.13782 0.21928
0 0.30793 0.33031 0.07965 0.07286
0 0.49114 0.21575 0.08968 0.1402
0 0.60383 0.1632 0.09782 0.11692
0 0.56607 0.02406 0.13347 0.04817
0 0.64535 0.07027 0.04806 0.09167
0 0.54741 0.4997 0.09706 0.08498
0 0.76864 0.53433 0.09276 0.1628
0 0.60054 0.07252 0.04068 0.07117
0 0.4942 0.95768 0.07169 0.08302
0 0.58827 0.95356 0.09915 0.09132
0 0.43278 0.42737 0.09645 0.12519
0 0.64001 0.18269 0.12614 0.15968
0 0.50374 0.07705 0.05913 0.09346
0 0.41629 0.07814 0.12874 0.15579
0 0.68598 0.22183 0.15782 0.24062
0 0.4933 0.75765 0.10814 0.11999
0 0.42242 0.58965 0.08892 0.10508
0 0.69989 0.5587 0.09974 0.15384
0 0.47206 0.87376 0.10227 0.13601
0 0.3959 0.70884 0.13933 0.14045
0 0.75455 0.64033 0.05908 0.09761
0 0.3398 0.07748 0.08131 0.10077
0 0.41491 0.18943 0.0781 0.13464
0 0.60471 0.95401 0.06441 0.09023
0 0.7631 0.93707 0.07346 0.11775
0 0.69931 0.94422 0.07944 0.10913
0 0.66368 0.36996 0.05777 0.16788
0 0.46232 0.72757 0.16757 0.17885
0 0.42017 0.9511 0.07734 0.09606
0 0.6451 0.8028 0.11044 0.09136
0 0.38631 0.25723 0.07195 0.11641
0 0.62514 0.21501 0.09134 0.09319
0 0.36928 0.4909 0.06397 0.12106
0 0.42582 0.09172 0.11106 0.12868
0 0.69934 0.57883 0.09233 0.11272
0 0.67541 0.22289 0.17942 0.24414
0 0.62718 0.19755 0.09952 0.12825
0 0.41898 0.6873 0.08119 0.09848
0 0.64078 0.18181 0.12423 0.16076
0 0.37971 0.72338 0.10703 0.11015
0 0.70041 0.20022 0.12802 0.19604
