0 0.80424 0.41732 0.16931 0.18758
0 0.82749 0.59564 0.17167 0.21106
0 0.45137 0.47077 0.09653 0.15622
0 0.32629 0.58848 0.13453 0.10133
0 0.36564 0.48373 0.09047 0.08251
0 0.49165 0.60164 0.09082 0.0973
0 0.37846 0.26309 0.19863 0.20224
0 0.4487 0.13974 0.09129 0.07388
0 0.34546 0.03702 0.0957 0.07393
0 0.31784 0.13308 0.12742 0.1303
0 0.40976 0.35064 0.06711 0.11899
0 0.65227 0.08769 0.10171 0.17456
0 0.43568 0.14871 0.11831 0.09381
0 0.56119 0.31814 0.16911 0.16708
0 0.69901 0.86175 0.06751 0.1006
0 0.76725 0.19801 0.16855 0.23528
0 0.3537 0.26236 0.14896 0.20036
0 0.69919 0.62337 0.09844 0.11026
0 0.84275 0.89273 0.04143 0.09531
0 0.62744 0.92897 0.0939 0.11722
0 0.84136 0.80881 0.05199 0.09187
0 0.33891 0.26213 0.11926 0.19981
0 0.62991 0.83815 0.1123 0.06239
0 0.59198 0.55423 0.06641 0.10551
0 0.77014 0.91686 0.09177 0.16236
0 0.6262 0.43385 0.21168 0.11178
0 0.34272 0.72833 0.07227 0.07826
0 0.56453 0.42593 0.09072 0.08463
0 0.79872 0.84113 0.07951 0.07591
0 0.56453 0.69815 0.08742 0.13126
0 0.44569 0.91319 0.08863 0.11039
0 0.3591 0.87639 0.097 0.09228
0 0.50669 0.84302 0.09834 0.18195
0 0.33513 0.80168 0.082 0.0848
0 0.61117 0.9339 0.06131 0.10547
0 0.41887 0.67561 0.09154 0.17443
0 0.38133 0.42129 0.06828 0.06741
0 0.63163 0.82679 0.11668 0.09019
0 0.68846 0.59478 0.12095 0.16725
0 0.79899 0.82433 0.08067 0.10944
0 0.51285 0.76844 0.08053 0.14003
0 0.79451 0.19213 0.11378 0.2254
