0 0.846875 0.407090 0.053105 0.064583
0 0.931050 0.133333 0.134375 0.060500
0 0.401875 0.306050 0.109375 0.100833
0 0.360500 0.714583 0.140605 0.187500
0 0.803105 0.193750 0.134375 0.191667
0 0.518750 0.036458 0.105000 0.068750
0 0.618750 0.137500 0.034375 0.170833
0 0.061719 0.044790 0.080810 0.085417
0 0.676560 0.401040 0.134375 0.131050
0 0.571875 0.593750 0.106050 0.058333
0 0.490188 0.106040 0.118750 0.085417
0 0.860938 0.640605 0.081050 0.100917
0 0.703105 0.096875 0.178105 0.106050
0 0.371094 0.596875 0.104688 0.131050
0 0.815605 0.734375 0.071875 0.081050
0 0.543750 0.667708 0.068750 0.081050
0 0.546094 0.918750 0.140187 0.154167
0 0.675000 0.955008 0.071875 0.081050
0 0.646094 0.644790 0.054688 0.097917
0 0.850000 0.941667 0.059375 0.104167
0 0.305469 0.386458 0.070310 0.068750
0 0.571094 0.075000 0.057813 0.110500
0 0.308594 0.458333 0.073438 0.100000
0 0.473438 0.697917 0.065605 0.158333
0 0.080469 0.186458 0.110937 0.193750
0 0.784375 0.653105 0.093750 0.110417
0 0.805469 0.813540 0.070310 0.097917
0 0.618750 0.134375 0.034375 0.164583
0 0.360500 0.501875 0.050000 0.085417
