0 0.692969 0.119792 0.210938 0.235417
0 0.482812 0.326042 0.128125 0.247917
0 0.507031 0.118750 0.120313 0.187500
0 0.588281 0.907292 0.114062 0.177083
0 0.186719 0.259375 0.054688 0.114583
0 0.116406 0.034375 0.045312 0.064583
0 0.380469 0.048958 0.170313 0.093750
0 0.366406 0.745833 0.110937 0.166667
0 0.625781 0.763542 0.114062 0.131250
0 0.392188 0.854167 0.078125 0.108333
0 0.547656 0.552083 0.076563 0.125000
0 0.242188 0.356250 0.090625 0.095833
0 0.239063 0.081250 0.065625 0.062500
0 0.280469 0.178125 0.095312 0.164583
0 0.240625 0.507292 0.090625 0.102083
0 0.360938 0.370833 0.128125 0.125000
0 0.278906 0.165625 0.092188 0.139583
0 0.525781 0.839583 0.060937 0.108333
0 0.325000 0.284375 0.068750 0.118750
0 0.313281 0.497917 0.117188 0.158333
0 0.553906 0.950000 0.051562 0.095833
0 0.389844 0.186458 0.098437 0.097917
0 0.285156 0.019792 0.057813 0.035417
0 0.625781 0.311458 0.120313 0.093750
0 0.302344 0.772917 0.092188 0.208333
0 0.590625 0.881250 0.109375 0.125000
0 0.603906 0.353125 0.060937 0.110417