0 0.82916 0.28857 0.2187 0.23783
0 0.91678 0.08573 0.164 0.17116
0 0.59839 0.06764 0.26413 0.13449
0 0.78714 0.10652 0.11567 0.1668
0 0.45256 0.22548 0.11122 0.11098
0 0.34309 0.09855 0.10324 0.17666
0 0.83796 0.51307 0.06759 0.10711
0 0.30358 0.18911 0.11881 0.08468
0 0.69732 0.25008 0.16019 0.20342
0 0.37619 0.63321 0.11884 0.16158
0 0.39956 0.50699 0.1009 0.11108
0 0.27496 0.08331 0.06216 0.09748
0 0.32448 0.37921 0.07007 0.07791
0 0.80247 0.59756 0.06304 0.07526
0 0.70026 0.19982 0.15357 0.10337
0 0.65012 0.52599 0.05508 0.09277
0 0.66169 0.85994 0.07 0.10233
0 0.55793 0.56021 0.06263 0.07856
0 0.83222 0.79169 0.05108 0.08439
0 0.32852 0.31504 0.06169 0.0666
0 0.6478 0.94012 0.06203 0.10163
0 0.38452 0.26916 0.08646 0.164
0 0.40269 0.93783 0.09992 0.12254
0 0.7716 0.53027 0.0804 0.08963
0 0.55665 0.8404 0.14008 0.20088
0 0.59989 0.33478 0.03832 0.10973
0 0.79949 0.82574 0.10359 0.08188
0 0.75476 0.8917 0.09517 0.15522
0 0.39912 0.5747 0.08355 0.08588
0 0.59038 0.4851 0.08871 0.04513
0 0.79379 0.67375 0.05382 0.09059
0 0.76264 0.91554 0.07906 0.10603
0 0.49685 0.45046 0.11477 0.16632
0 0.72425 0.59936 0.06853 0.12631
0 0.55708 0.86326 0.13902 0.15251
0 0.67131 0.28702 0.10797 0.12974
0 0.78359 0.08612 0.10735 0.12322
0 0.62629 0.06655 0.20589 0.13176
