0 0.74762 0.28876 0.17999 0.20012
0 0.63911 0.47251 0.19486 0.24615
0 0.2223 0.87272 0.1519 0.16807
0 0.35205 0.24177 0.09621 0.08777
0 0.45678 0.27055 0.16117 0.08149
0 0.50631 0.37401 0.1444 0.12486
0 0.19757 0.38622 0.11509 0.07278
0 0.63829 0.07754 0.12469 0.15511
0 0.60312 0.28072 0.10636 0.11499
0 0.2945 0.41385 0.09099 0.09006
0 0.54097 0.05621 0.125 0.11243
0 0.48584 0.73243 0.05101 0.11555
0 0.75976 0.03168 0.06797 0.06328
0 0.55618 0.81408 0.09601 0.14129
0 0.50645 0.48907 0.1016 0.11477
0 0.6454 0.92955 0.0707 0.12232
0 0.6461 0.82188 0.07754 0.10847
0 0.16518 0.2454 0.09745 0.14279
0 0.5295 0.63825 0.0978 0.10167
0 0.67547 0.74165 0.10896 0.12427
0 0.49644 0.9236 0.07441 0.13323
0 0.37112 0.69009 0.16819 0.17737
0 0.17819 0.13376 0.07786 0.09076
0 0.33035 0.88907 0.08446 0.15947
0 0.61659 0.75326 0.08263 0.08092
0 0.4288 0.51445 0.06381 0.11365
0 0.72124 0.95166 0.07854 0.09509
0 0.65265 0.63179 0.11692 0.08567
0 0.20626 0.56028 0.08504 0.13949
0 0.38182 0.13367 0.19104 0.18809
0 0.68946 0.74122 0.07964 0.12348
0 0.23581 0.69015 0.09172 0.10322
0 0.25992 0.66299 0.13956 0.15741
0 0.26124 0.48162 0.10869 0.17081
0 0.60463 0.2993 0.11122 0.15463
