0 0.71995 0.21304 0.13711 0.22409
0 0.8082 0.47069 0.18955 0.1659
0 0.22147 0.39959 0.05841 0.10552
0 0.88729 0.64751 0.08869 0.08644
0 0.83202 0.13347 0.09043 0.13383
0 0.85322 0.26876 0.09675 0.10081
0 0.5661 0.11729 0.18161 0.15156
0 0.22626 0.92036 0.07643 0.1264
0 0.61865 0.69795 0.08168 0.12633
0 0.80308 0.64616 0.08279 0.1136
0 0.72375 0.94703 0.13505 0.1045
0 0.907 0.9036 0.06807 0.1072
0 0.55782 0.48185 0.10636 0.12978
0 0.4224 0.64619 0.14478 0.14088
0 0.42 0.21713 0.09079 0.21011
0 0.30819 0.64369 0.09219 0.10114
0 0.31948 0.86714 0.08424 0.08964
0 0.31782 0.47298 0.06202 0.08102
0 0.55536 0.79844 0.04777 0.09749
0 0.24059 0.11714 0.08234 0.1064
0 0.6754 0.80621 0.08028 0.09909
0 0.65439 0.41359 0.12168 0.19397
0 0.40715 0.0721 0.11587 0.11663
0 0.72209 0.09029 0.13821 0.06573
0 0.45609 0.8592 0.11424 0.09658
0 0.78468 0.31185 0.06794 0.07927
0 0.64707 0.44762 0.1075 0.1269
0 0.82454 0.11636 0.10525 0.16857
0 0.30159 0.13084 0.09598 0.12887
0 0.36487 0.94919 0.08003 0.09957
0 0.89594 0.97561 0.05232 0.04744
0 0.74645 0.09401 0.08937 0.05726
0 0.56836 0.34854 0.10315 0.07711
0 0.56553 0.68837 0.0803 0.13684
0 0.91625 0.75596 0.07666 0.09215
0 0.36149 0.16483 0.06585 0.13098
0 0.29196 0.80124 0.08684 0.06401
0 0.31208 0.13147 0.06574 0.12649
0 0.22407 0.11804 0.04918 0.10416
0 0.79278 0.07302 0.04303 0.08373
0 0.87494 0.7878 0.06085 0.09461
0 0.2829 0.73414 0.1262 0.10794
0 0.44117 0.39489 0.11324 0.06772
0 0.71955 0.60765 0.06559 0.07487
0 0.82381 0.79298 0.07641 0.09799
0 0.36751 0.29175 0.0912 0.16452
0 0.57129 0.94652 0.10546 0.10443
0 0.54762 0.88947 0.10858 0.11338
0 0.61684 0.88072 0.08599 0.11196
0 0.68204 0.40133 0.06687 0.17165
0 0.45492 0.63577 0.08018 0.11742
0 0.32545 0.44881 0.09583 0.13014
0 0.40372 0.49717 0.08799 0.0953
0 0.30485 0.03401 0.08202 0.06739
0 0.56253 0.14336 0.19229 0.20428
