0 0.8592 0.92154 0.13252 0.12447
0 0.53417 0.22994 0.13603 0.20394
0 0.25299 0.42801 0.13161 0.14555
0 0.17808 0.25205 0.15164 0.07774
0 0.47506 0.52169 0.10444 0.13383
0 0.74356 0.23995 0.15428 0.21837
0 0.66707 0.92096 0.21879 0.15691
0 0.16812 0.63702 0.14097 0.09161
0 0.5247 0.06863 0.09053 0.1202
0 0.33717 0.27334 0.1761 0.25058
0 0.80053 0.11118 0.07637 0.11635
0 0.26624 0.70984 0.11603 0.17775
0 0.80487 0.71313 0.07169 0.07541
0 0.50774 0.837 0.09869 0.1171
0 0.26326 0.09155 0.12018 0.16047
0 0.38409 0.73458 0.10076 0.14499
0 0.79802 0.62565 0.06301 0.06895
0 0.46425 0.42304 0.18089 0.08459
0 0.7315 0.47378 0.1793 0.15639
0 0.4427 0.96454 0.08203 0.06988
0 0.30515 0.92954 0.13813 0.13084
0 0.60403 0.70786 0.08777 0.12838
0 0.61368 0.07177 0.16835 0.14303
0 0.74711 0.63627 0.04773 0.09996
0 0.43113 0.17032 0.10696 0.17371
0 0.19324 0.87561 0.18114 0.16476
0 0.54264 0.51132 0.08091 0.12924
0 0.81686 0.46279 0.06157 0.10249
0 0.31096 0.27273 0.22881 0.25476
0 0.79085 0.30892 0.06541 0.08562
0 0.76079 0.4747 0.11997 0.15347
0 0.74437 0.74809 0.04722 0.07166
0 0.80489 0.37648 0.06869 0.10082
0 0.52105 0.96515 0.09703 0.06818
0 0.19858 0.10336 0.1633 0.20316
0 0.62523 0.4935 0.05531 0.07228
0 0.32633 0.03257 0.08536 0.06495
0 0.82046 0.02076 0.05745 0.0415
0 0.186 0.85456 0.08012 0.06526
0 0.64512 0.09188 0.23549 0.18352
0 0.17841 0.91873 0.15104 0.08152
0 0.67584 0.7084 0.06611 0.11872
0 0.38345 0.73725 0.14738 0.1537
0 0.68093 0.44203 0.07895 0.08386
0 0.21228 0.84066 0.13344 0.09489
0 0.24138 0.31227 0.08972 0.072
0 0.60283 0.62957 0.05966 0.04719
0 0.77646 0.6362 0.10618 0.10035
0 0.74287 0.81585 0.08198 0.09399
0 0.32116 0.56074 0.08872 0.0905
0 0.44267 0.04869 0.09589 0.09659
0 0.77127 0.97086 0.16223 0.05767
0 0.18713 0.05675 0.06671 0.11178
0 0.22001 0.5001 0.0851 0.11944
0 0.68565 0.45675 0.08958 0.1155
0 0.60989 0.75064 0.07897 0.08082
0 0.19398 0.27981 0.18415 0.13422
0 0.1983 0.12592 0.16378 0.15754
