0 0.15153 0.70197 0.2121 0.25317
0 0.19304 0.26748 0.20947 0.14747
0 0.36202 0.14468 0.20565 0.27795
0 0.78053 0.26074 0.15484 0.21511
0 0.9512 0.17609 0.09691 0.17101
0 0.63827 0.75184 0.09606 0.11323
0 0.84453 0.16165 0.12369 0.28328
0 0.89227 0.41894 0.17613 0.12704
0 0.16301 0.89997 0.2078 0.19846
0 0.53363 0.56676 0.14964 0.18368
0 0.21522 0.49462 0.22308 0.13757
0 0.31649 0.62527 0.17434 0.19789
0 0.30896 0.90091 0.12161 0.16428
0 0.76498 0.56806 0.10579 0.18869
0 0.3858 0.40312 0.14553 0.14455
0 0.78983 0.68433 0.10147 0.12379
0 0.80424 0.75749 0.07853 0.08476
0 0.70044 0.39565 0.12414 0.1914
0 0.67409 0.9526 0.05226 0.09238
0 0.53106 0.23593 0.14689 0.17516
0 0.22024 0.07416 0.10438 0.07833
0 0.51417 0.28467 0.18011 0.27157
0 0.63559 0.12294 0.07513 0.11087
0 0.47663 0.80935 0.10818 0.13821
0 0.62639 0.5109 0.08951 0.21525
0 0.66284 0.95264 0.07523 0.09284
0 0.33483 0.77511 0.1265 0.10195
0 0.36753 0.30773 0.1151 0.08348
0 0.41963 0.72388 0.09991 0.13692
0 0.67271 0.0617 0.13537 0.12308
0 0.48977 0.34157 0.13539 0.16277
0 0.60503 0.46986 0.04703 0.13149
0 0.6177 0.89112 0.1127 0.12769
0 0.64334 0.38426 0.05032 0.47066
0 0.70625 0.50638 0.085 0.1159
0 0.844 0.11347 0.122 0.18675
0 0.38199 0.29657 0.14426 0.1082
0 0.62525 0.14841 0.10318 0.16323
0 0.15376 0.86119 0.16379 0.12202
