0 0.771094 0.252083 0.123438 0.145833
0 0.153125 0.075000 0.125000 0.145833
0 0.338281 0.718750 0.135937 0.195833
0 0.681250 0.342708 0.159375 0.122917
0 0.228906 0.321875 0.095312 0.239583
0 0.346094 0.918750 0.176563 0.158333
0 0.635156 0.206250 0.076563 0.133333
0 0.527344 0.331250 0.114062 0.162500
0 0.733594 0.084375 0.129688 0.164583
0 0.234375 0.620833 0.075000 0.120833
0 0.740625 0.523958 0.150000 0.172917
0 0.632031 0.128125 0.082812 0.110417
0 0.521094 0.202083 0.098437 0.125000
0 0.268750 0.515625 0.165625 0.085417
0 0.260156 0.079167 0.098437 0.154167
0 0.424219 0.422917 0.173437 0.112500
0 0.684375 0.085417 0.228125 0.166667
0 0.595313 0.483333 0.134375 0.212500
0 0.246094 0.943750 0.117188 0.108333
0 0.751563 0.796875 0.240625 0.143750
0 0.714063 0.925000 0.178125 0.145833
0 0.203125 0.188542 0.090625 0.127083
0 0.421875 0.551042 0.096875 0.143750
0 0.801562 0.872917 0.112500 0.120833
0 0.614844 0.051042 0.085938 0.097917
0 0.410156 0.421875 0.142187 0.110417
0 0.516406 0.652083 0.089063 0.141667
0 0.691406 0.705208 0.104688 0.143750
0 0.348438 0.354167 0.087500 0.154167
0 0.560156 0.447917 0.104688 0.116667
0 0.342969 0.110417 0.154688 0.200000
0 0.647656 0.051042 0.151562 0.097917
0 0.688281 0.031250 0.073438 0.058333
0 0.553125 0.296875 0.103125 0.131250
0 0.775781 0.534375 0.082812 0.143750
0 0.339844 0.738542 0.132812 0.156250
