0 0.773438 0.759375 0.159375 0.222917
0 0.724219 0.081250 0.082812 0.100000
0 0.704688 0.188542 0.118750 0.143750
0 0.496875 0.241667 0.103125 0.283333
0 0.228906 0.375000 0.123438 0.120833
0 0.197656 0.503125 0.129688 0.106250
0 0.703906 0.945833 0.192188 0.104167
0 0.752344 0.454167 0.076563 0.070833
0 0.356250 0.926042 0.090625 0.110417
0 0.296875 0.321875 0.065625 0.114583
0 0.388281 0.272917 0.092188 0.166667
0 0.493750 0.784375 0.225000 0.152083
0 0.252344 0.712500 0.079687 0.108333
0 0.603125 0.519792 0.146875 0.172917
0 0.427344 0.150000 0.076563 0.141667
0 0.296875 0.531250 0.081250 0.091667
0 0.460156 0.673958 0.154688 0.147917
0 0.459375 0.111458 0.140625 0.218750
0 0.238281 0.844792 0.123438 0.160417
0 0.627344 0.056250 0.042188 0.100000
0 0.583594 0.231250 0.089063 0.141667
0 0.256250 0.591667 0.118750 0.100000
0 0.589844 0.938542 0.126562 0.118750
0 0.484375 0.079167 0.090625 0.154167
0 0.325000 0.068750 0.078125 0.120833
0 0.210938 0.808333 0.068750 0.087500
0 0.255469 0.851042 0.089063 0.147917
0 0.234375 0.310417 0.071875 0.120833
0 0.706250 0.573958 0.146875 0.189583
0 0.591406 0.913542 0.123438 0.068750
0 0.345313 0.375000 0.096875 0.095833
0 0.207813 0.885417 0.062500 0.075000
0 0.482031 0.891667 0.048438 0.083333
0 0.640625 0.337500 0.046875 0.116667
0 0.292969 0.936458 0.067187 0.122917
0 0.614844 0.098958 0.076563 0.185417
0 0.289062 0.739583 0.065625 0.091667
0 0.485938 0.511458 0.043750 0.177083
0 0.371094 0.508333 0.076563 0.100000
0 0.338281 0.067708 0.104688 0.131250
0 0.200781 0.322917 0.123438 0.150000
0 0.653906 0.810417 0.095312 0.104167
0 0.433594 0.716667 0.101562 0.070833
