0 0.91309 0.95473 0.15185 0.08952
0 0.62837 0.16883 0.17544 0.10558
0 0.44427 0.18236 0.10847 0.13472
0 0.4557 0.73499 0.13582 0.28622
0 0.27906 0.42971 0.12919 0.16265
0 0.82333 0.72721 0.10647 0.15733
0 0.78273 0.88146 0.15979 0.19911
0 0.25846 0.72226 0.13574 0.07338
0 0.55441 0.34387 0.15125 0.12837
0 0.47404 0.05559 0.10433 0.11094
0 0.30687 0.5809 0.12995 0.15953
0 0.76753 0.03099 0.0799 0.06179
0 0.66882 0.80966 0.14407 0.25571
0 0.76893 0.23262 0.11179 0.12765
0 0.30563 0.08446 0.09253 0.07406
0 0.4082 0.40189 0.07636 0.12715
0 0.30523 0.01478 0.06231 0.02949
0 0.37468 0.19372 0.07092 0.10392
0 0.51802 0.80593 0.07695 0.14047
0 0.6824 0.07139 0.112 0.14173
0 0.47936 0.39639 0.07069 0.11468
0 0.7318 0.55648 0.07255 0.08518
0 0.68283 0.34754 0.09005 0.13027
0 0.55473 0.57317 0.12817 0.13119
0 0.28434 0.17035 0.06721 0.12106
0 0.32096 0.79885 0.10972 0.1511
0 0.27054 0.95104 0.18239 0.09681
0 0.71761 0.56136 0.10095 0.10823
0 0.7333 0.16688 0.06405 0.06355
0 0.68858 0.5616 0.04445 0.10953
0 0.54631 0.47229 0.14177 0.14229
0 0.33895 0.7991 0.06811 0.15027
0 0.74301 0.64266 0.09014 0.14377
0 0.70387 0.47297 0.12024 0.11111
0 0.58059 0.73025 0.0664 0.11508
0 0.37623 0.0879 0.06515 0.11387
0 0.79547 0.24236 0.05933 0.10071
0 0.29413 0.95096 0.13612 0.09691
0 0.52505 0.1765 0.06222 0.11972
0 0.35576 0.26657 0.09872 0.13482
0 0.47495 0.07149 0.10721 0.14251
0 0.56383 0.95777 0.08501 0.08362
0 0.25449 0.96903 0.14987 0.06095
0 0.74746 0.23197 0.06879 0.12581
0 0.62437 0.04825 0.07425 0.09105
0 0.2774 0.23652 0.08051 0.09697
0 0.227 0.96186 0.09509 0.04776
