0 0.65025 0.79341 0.15621 0.13276
0 0.19367 0.30767 0.06821 0.0884
0 0.73122 0.94625 0.13696 0.10627
0 0.19186 0.5087 0.10452 0.12718
0 0.21293 0.7373 0.12052 0.22837
0 0.62758 0.30044 0.06665 0.10341
0 0.68815 0.5251 0.15356 0.2055
0 0.63892 0.13095 0.07597 0.11617
0 0.74769 0.71508 0.11103 0.14024
0 0.70794 0.09171 0.07447 0.13127
0 0.54251 0.0811 0.04784 0.1181
0 0.36943 0.0864 0.0619 0.11313
0 0.27224 0.26793 0.14738 0.14756
0 0.34952 0.39863 0.12405 0.11197
0 0.30702 0.06437 0.06705 0.08768
0 0.45082 0.78156 0.12375 0.15485
0 0.57212 0.33982 0.0856 0.10458
0 0.38826 0.21433 0.15017 0.11953
0 0.5123 0.63788 0.09874 0.11363
0 0.46734 0.08379 0.11064 0.15503
0 0.24383 0.52217 0.09191 0.13724
0 0.38283 0.59259 0.08847 0.11185
0 0.58997 0.50052 0.07831 0.11086
0 0.62828 0.13571 0.09892 0.13063
0 0.42016 0.25625 0.08724 0.13261
0 0.34465 0.85922 0.14897 0.11274
0 0.46719 0.39502 0.06488 0.09612
0 0.54855 0.91605 0.10506 0.16599
0 0.2959 0.7883 0.09558 0.15956
0 0.59441 0.58692 0.0747 0.09401
0 0.22095 0.92751 0.12104 0.0823
0 0.38509 0.94611 0.10571 0.10624
0 0.53721 0.8809 0.07804 0.09802
0 0.38939 0.04525 0.06161 0.09012
0 0.34453 0.13413 0.0502 0.09508
0 0.66989 0.36869 0.09413 0.10312
0 0.22732 0.29904 0.05978 0.08515
0 0.5883 0.6588 0.07416 0.12459
0 0.18513 0.61473 0.11046 0.1107
0 0.58722 0.38835 0.0731 0.08288
0 0.63669 0.03888 0.10497 0.07771
0 0.24725 0.21602 0.06834 0.0786
0 0.65877 0.47512 0.08889 0.10592
0 0.31778 0.92304 0.08892 0.10817
0 0.44989 0.08092 0.07609 0.15257
0 0.53904 0.73446 0.10873 0.12326
0 0.52704 0.07969 0.08541 0.12
0 0.55684 0.92148 0.0854 0.1539
0 0.29308 0.25856 0.10838 0.12754
