0 0.75755 0.6826 0.21698 0.20253
0 0.89579 0.44279 0.10554 0.09785
0 0.85786 0.21696 0.07389 0.08857
0 0.54176 0.74536 0.12064 0.18356
0 0.67655 0.90222 0.19823 0.19484
0 0.38578 0.58691 0.10171 0.11136
0 0.6556 0.19718 0.07983 0.09505
0 0.94026 0.74796 0.0776 0.1331
0 0.38314 0.37804 0.07179 0.10216
0 0.53718 0.1054 0.05445 0.08053
0 0.60397 0.08197 0.07351 0.1272
0 0.49911 0.94392 0.09006 0.11142
0 0.3692 0.15187 0.04728 0.10058
0 0.4633 0.72182 0.07896 0.12125
0 0.8647 0.67929 0.08638 0.13691
0 0.35195 0.96618 0.13852 0.06747
0 0.44116 0.45379 0.06461 0.11507
0 0.50866 0.4073 0.09443 0.11108
0 0.89398 0.79025 0.07085 0.14799
0 0.57221 0.53479 0.11345 0.13585
0 0.79153 0.44717 0.11534 0.14168
0 0.52979 0.6261 0.06757 0.06648
0 0.4245 0.38974 0.06433 0.08457
0 0.35881 0.71304 0.07543 0.12031
0 0.35436 0.849 0.11779 0.1177
0 0.39704 0.19181 0.10393 0.18011
0 0.40358 0.23101 0.08738 0.09887
0 0.6392 0.41851 0.06156 0.09901
0 0.57046 0.96044 0.05685 0.07818
0 0.73623 0.47522 0.07382 0.11394
0 0.61398 0.07171 0.05269 0.10584
0 0.6247 0.32671 0.05622 0.06013
0 0.32046 0.62158 0.03722 0.12476
0 0.85215 0.93074 0.08848 0.13805
0 0.66495 0.54094 0.07135 0.09802
0 0.5507 0.47155 0.05203 0.06421
0 0.43078 0.89925 0.08824 0.12902
0 0.78022 0.35863 0.06563 0.11679
0 0.57664 0.09526 0.03135 0.0572
0 0.59824 0.10672 0.07087 0.07826
0 0.3621 0.72769 0.12741 0.15035
