0 0.57931 0.09043 0.21426 0.18096
0 0.3599 0.15139 0.13131 0.19618
0 0.41492 0.75569 0.13806 0.28703
0 0.50153 0.31213 0.18894 0.1988
0 0.82245 0.90219 0.15969 0.173
0 0.181 0.46455 0.15894 0.19578
0 0.23488 0.90048 0.18357 0.19373
0 0.51272 0.64302 0.13465 0.17722
0 0.51413 0.52461 0.13315 0.18998
0 0.33224 0.39103 0.08806 0.15257
0 0.14699 0.13796 0.09732 0.15029
0 0.90561 0.94432 0.12636 0.07994
0 0.41796 0.41104 0.0802 0.15475
0 0.16948 0.28593 0.13671 0.10752
0 0.26993 0.13807 0.09089 0.13527
0 0.76192 0.13337 0.0714 0.13616
0 0.19854 0.67449 0.14669 0.10708
0 0.6855 0.92158 0.16139 0.15251
0 0.33616 0.03066 0.08027 0.0615
0 0.69174 0.08415 0.08623 0.16849
0 0.29786 0.93142 0.13447 0.13597
0 0.76722 0.69896 0.11296 0.14967
0 0.64199 0.74442 0.15681 0.24907
0 0.66338 0.58549 0.13423 0.12341
0 0.71363 0.17207 0.06766 0.15804
0 0.09073 0.05618 0.023 0.11185
0 0.16703 0.02532 0.12306 0.0505
0 0.48513 0.7983 0.06357 0.13926
0 0.60195 0.97324 0.0987 0.05215
0 0.67133 0.44036 0.08112 0.11568
0 0.66319 0.32558 0.08607 0.14936
0 0.25326 0.34018 0.08042 0.10974
0 0.61519 0.77659 0.10396 0.1828
0 0.20502 0.59782 0.09253 0.12065
0 0.72049 0.78847 0.1354 0.12551
0 0.17273 0.33351 0.08791 0.0611
0 0.51719 0.8792 0.0728 0.11083
0 0.69205 0.06337 0.08468 0.12598
