0 0.21531 0.75072 0.11067 0.13568
0 0.75581 0.30175 0.09816 0.15259
0 0.66962 0.34815 0.08557 0.12967
0 0.4758 0.75011 0.09218 0.13066
0 0.19076 0.54506 0.08193 0.09446
0 0.36524 0.76043 0.16434 0.19535
0 0.61619 0.0811 0.12099 0.08455
0 0.28976 0.31721 0.07853 0.12713
0 0.40036 0.30946 0.09314 0.09941
0 0.64097 0.9022 0.074 0.11028
0 0.68707 0.46523 0.08608 0.11873
0 0.60223 0.71129 0.06456 0.12983
0 0.76809 0.50467 0.08354 0.10543
0 0.77874 0.93852 0.10017 0.11944
0 0.26149 0.61247 0.10668 0.13881
0 0.69963 0.77727 0.20283 0.25689
0 0.23573 0.44357 0.07276 0.10732
0 0.52453 0.3586 0.07759 0.12021
0 0.55285 0.14679 0.07744 0.09038
0 0.4589 0.29734 0.07387 0.12092
0 0.41543 0.62487 0.15575 0.1704
0 0.69034 0.17663 0.08502 0.13924
0 0.4051 0.07141 0.07184 0.0935
0 0.41581 0.60363 0.15656 0.21315
0 0.69765 0.60659 0.12107 0.13107
0 0.29636 0.51338 0.0764 0.08199
0 0.58411 0.47019 0.04516 0.08713
0 0.67305 0.4571 0.1144 0.13464
0 0.77962 0.60596 0.05047 0.0786
0 0.64166 0.96477 0.06609 0.06907
0 0.32479 0.44023 0.08444 0.1007
0 0.64682 0.22086 0.05856 0.08367
0 0.47991 0.50832 0.08214 0.16444
0 0.29958 0.31023 0.05849 0.11212
0 0.3265 0.20921 0.06381 0.0956
0 0.60412 0.64379 0.11418 0.14503
0 0.47843 0.15344 0.07232 0.09103
0 0.48372 0.41054 0.12435 0.15272
