0 0.76442 0.31619 0.11701 0.13681
0 0.43444 0.92265 0.12705 0.15361
0 0.40252 0.57815 0.08839 0.09701
0 0.38882 0.42983 0.10543 0.19051
0 0.48284 0.126 0.06164 0.13098
0 0.54867 0.7311 0.14148 0.21088
0 0.73405 0.58583 0.15211 0.13902
0 0.76183 0.95784 0.09558 0.08339
0 0.3227 0.30685 0.06385 0.09937
0 0.43225 0.25202 0.06874 0.11407
0 0.56201 0.08411 0.12164 0.15072
0 0.28776 0.48583 0.10666 0.05103
0 0.70877 0.82691 0.14265 0.06971
0 0.54099 0.44193 0.09784 0.11904
0 0.45277 0.46755 0.08547 0.11152
0 0.4744 0.37495 0.07337 0.07992
0 0.44221 0.08517 0.05867 0.06755
0 0.80806 0.74543 0.0721 0.21742
0 0.64369 0.69093 0.05272 0.15457
0 0.27831 0.64631 0.0787 0.13157
0 0.55924 0.34631 0.09493 0.08863
0 0.67542 0.94705 0.08506 0.10508
0 0.381 0.78064 0.08415 0.13524
0 0.78243 0.4733 0.09653 0.1229
0 0.30825 0.72412 0.06385 0.14024
0 0.59919 0.23959 0.08111 0.11691
0 0.80902 0.76549 0.06922 0.17758
0 0.60531 0.38585 0.07107 0.10903
0 0.50842 0.28568 0.08324 0.07445
0 0.77523 0.69696 0.12583 0.13399
0 0.78363 0.42875 0.0905 0.10665
0 0.52966 0.87072 0.1095 0.06344
0 0.35458 0.40191 0.0678 0.12089
0 0.3217 0.58162 0.08494 0.14975
0 0.82117 0.74258 0.09963 0.22477
