0 0.62609 0.77982 0.18269 0.30499
0 0.39222 0.15072 0.04611 0.10183
0 0.37686 0.94395 0.15835 0.11065
0 0.55253 0.53433 0.14266 0.17224
0 0.38254 0.39182 0.11846 0.09348
0 0.78929 0.81391 0.1938 0.12872
0 0.44642 0.83631 0.13485 0.09482
0 0.77492 0.3581 0.17423 0.16125
0 0.44457 0.62159 0.14473 0.15609
0 0.32731 0.86746 0.15574 0.14045
0 0.5047 0.36778 0.13743 0.08739
0 0.53462 0.93769 0.10449 0.123
0 0.19375 0.83784 0.14837 0.1063
0 0.75863 0.47104 0.11926 0.10508
0 0.3075 0.52786 0.09647 0.0613
0 0.58457 0.13901 0.09197 0.13444
0 0.83888 0.62769 0.17239 0.19834
0 0.6491 0.11931 0.05942 0.07799
0 0.8026 0.92493 0.1009 0.12675
0 0.40266 0.26121 0.05296 0.11658
0 0.65901 0.60616 0.08954 0.21285
0 0.57988 0.41112 0.09978 0.11022
0 0.45029 0.29288 0.07387 0.10017
0 0.67025 0.94738 0.18177 0.10377
0 0.56101 0.26265 0.08332 0.08337
0 0.79711 0.35738 0.12891 0.15977
0 0.21384 0.76764 0.0691 0.05601
0 0.19451 0.81581 0.15029 0.15059
