0 0.54314 0.23514 0.17793 0.26686
0 0.78543 0.92535 0.15046 0.14842
0 0.45674 0.9602 0.15561 0.07855
0 0.36406 0.08301 0.10458 0.16439
0 0.62682 0.96207 0.16253 0.07458
0 0.72704 0.31889 0.19463 0.11001
0 0.49135 0.04881 0.09678 0.09764
0 0.61317 0.54788 0.18587 0.24241
0 0.57598 0.74907 0.11055 0.12855
0 0.48583 0.46607 0.10827 0.15874
0 0.77449 0.12123 0.1495 0.16845
0 0.3046 0.39977 0.13884 0.16817
0 0.72614 0.64542 0.08512 0.09233
0 0.73138 0.71975 0.0845 0.10969
0 0.1377 0.36233 0.08355 0.05494
0 0.36549 0.51762 0.09398 0.14434
0 0.33422 0.94283 0.05395 0.11366
0 0.33974 0.63935 0.0834 0.10394
0 0.20184 0.34512 0.08287 0.11839
0 0.66312 0.06283 0.10791 0.12515
0 0.24919 0.76375 0.08993 0.0787
0 0.6929 0.39053 0.17861 0.13455
0 0.2079 0.36097 0.06938 0.08623
0 0.67166 0.92117 0.08106 0.09067
0 0.75905 0.22994 0.13972 0.19721
0 0.26744 0.96626 0.1024 0.06414
0 0.28522 0.48748 0.07619 0.07603
0 0.26927 0.70561 0.12124 0.04262
0 0.33549 0.87402 0.06782 0.10981
0 0.50688 0.65449 0.08876 0.1562
0 0.19194 0.30681 0.06259 0.04287
0 0.77151 0.81834 0.08161 0.13579
0 0.26486 0.76434 0.12182 0.08021
0 0.31311 0.57771 0.05792 0.1024
0 0.37988 0.08281 0.13929 0.16571
