0 0.45687 0.86147 0.13854 0.16249
0 0.77166 0.06866 0.14568 0.13716
0 0.76729 0.42837 0.08468 0.10032
0 0.71302 0.35229 0.08159 0.09907
0 0.25277 0.44217 0.15306 0.1529
0 0.26942 0.24677 0.10721 0.11288
0 0.69007 0.67519 0.08641 0.0761
0 0.14442 0.16284 0.09921 0.13403
0 0.14613 0.08102 0.15101 0.16183
0 0.35631 0.65105 0.07309 0.08643
0 0.27283 0.57007 0.10181 0.08947
0 0.69645 0.49415 0.09465 0.13203
0 0.56247 0.52411 0.11349 0.13933
0 0.50064 0.22145 0.07683 0.11588
0 0.63182 0.08197 0.16106 0.16321
0 0.58954 0.55242 0.16807 0.19673
0 0.36217 0.22503 0.0922 0.05625
0 0.38726 0.51527 0.1068 0.04755
0 0.39722 0.35808 0.09998 0.0847
0 0.65725 0.1038 0.11042 0.11592
0 0.54826 0.36957 0.08368 0.18909
0 0.22028 0.28116 0.11045 0.10161
0 0.58784 0.69329 0.07179 0.09254
0 0.36252 0.4363 0.0867 0.09403
0 0.41436 0.8784 0.05369 0.12928
0 0.62804 0.59455 0.09162 0.11065
0 0.59496 0.79017 0.05839 0.12707
0 0.37729 0.05981 0.10801 0.11647
0 0.66426 0.40368 0.05999 0.11412
0 0.63239 0.43159 0.12016 0.16742
0 0.34724 0.6516 0.11002 0.08845
0 0.61354 0.25134 0.06288 0.13697
0 0.61079 0.43343 0.07678 0.16258
0 0.77075 0.08879 0.14787 0.17717
0 0.54072 0.81138 0.05117 0.14991
0 0.51576 0.12057 0.09225 0.08418
0 0.49221 0.39583 0.05617 0.10908
0 0.58773 0.04857 0.07466 0.09688
0 0.19014 0.08151 0.23894 0.16292
0 0.45014 0.6049 0.09561 0.11686
0 0.47941 0.85296 0.09252 0.14391
0 0.53291 0.14972 0.12734 0.14107
0 0.29716 0.46025 0.07235 0.10846
0 0.26582 0.16109 0.10677 0.10717
0 0.60755 0.59366 0.1322 0.1124
