0 0.552344 0.264583 0.073438 0.112500
0 0.821875 0.572917 0.090625 0.108333
0 0.508594 0.732292 0.067187 0.189583
0 0.338281 0.328125 0.154688 0.197917
0 0.457813 0.561458 0.165625 0.235417
0 0.468750 0.332292 0.125000 0.164583
0 0.669531 0.203125 0.060937 0.102083
0 0.723437 0.382292 0.071875 0.077083
0 0.304688 0.433333 0.156250 0.100000
0 0.670312 0.055208 0.071875 0.035417
0 0.389062 0.108333 0.050000 0.079167
0 0.546094 0.428125 0.117188 0.127083
0 0.639062 0.903125 0.068750 0.114583
0 0.789844 0.309375 0.135937 0.118750
0 0.785156 0.653125 0.082812 0.102083
0 0.492188 0.334375 0.078125 0.160417
0 0.633594 0.690625 0.092188 0.168750
0 0.737500 0.214583 0.081250 0.087500
0 0.805469 0.307292 0.104688 0.114583
0 0.342969 0.639583 0.042188 0.116667
0 0.666406 0.465625 0.095312 0.039583
0 0.335156 0.306250 0.145313 0.150000
0 0.344531 0.856250 0.042188 0.112500
