0 0.803125 0.952083 0.128125 0.087500
0 0.470313 0.382292 0.134375 0.268750
0 0.833594 0.359375 0.107813 0.081250
0 0.174219 0.165625 0.148438 0.093750
0 0.796875 0.186458 0.112500 0.081250
0 0.656250 0.956250 0.109375 0.079167
0 0.358594 0.361458 0.101562 0.218750
0 0.403125 0.940625 0.068750 0.110417
0 0.661719 0.640625 0.101562 0.156250
0 0.258594 0.097917 0.051562 0.191667
0 0.192188 0.587500 0.075000 0.129167
0 0.762500 0.088542 0.146875 0.093750
0 0.549219 0.312500 0.101562 0.137500
0 0.240625 0.970833 0.096875 0.050000
0 0.212500 0.810417 0.140625 0.083333
0 0.706250 0.726042 0.081250 0.110417
0 0.527344 0.461458 0.095312 0.106250
0 0.625000 0.811458 0.109375 0.106250
0 0.240625 0.687500 0.090625 0.116667
0 0.440625 0.718750 0.053125 0.191667
0 0.740625 0.748958 0.140625 0.231250
0 0.767969 0.584375 0.098437 0.147917
0 0.340625 0.870833 0.078125 0.100000
0 0.559375 0.635417 0.078125 0.095833
0 0.637500 0.078125 0.109375 0.081250
0 0.668750 0.876042 0.075000 0.089583
0 0.799219 0.453125 0.085938 0.106250
0 0.254688 0.970833 0.128125 0.050000
0 0.234375 0.579167 0.062500 0.150000
0 0.340625 0.539583 0.121875 0.087500
0 0.637500 0.427083 0.100000 0.125000
0 0.436719 0.685417 0.045312 0.120833
0 0.792188 0.032292 0.112500 0.060417
0 0.364063 0.828125 0.068750 0.093750
