0 0.539062 0.841667 0.184375 0.229167
0 0.326562 0.170833 0.084375 0.125000
0 0.482812 0.408333 0.112500 0.141667
0 0.217969 0.284375 0.145313 0.081250
0 0.560937 0.251042 0.071875 0.114583
0 0.443750 0.133333 0.153125 0.162500
0 0.600781 0.484375 0.079687 0.081250
0 0.507031 0.562500 0.101562 0.120833
0 0.416406 0.788542 0.076563 0.097917
0 0.671094 0.847917 0.092188 0.112500
0 0.733594 0.632292 0.057813 0.072917
0 0.357812 0.389583 0.115625 0.154167
0 0.583594 0.411458 0.076563 0.085417
0 0.701562 0.372917 0.062500 0.087500
0 0.396094 0.860417 0.085938 0.104167
0 0.578125 0.330208 0.065625 0.068750
0 0.211719 0.467708 0.182812 0.185417
0 0.266406 0.954167 0.073438 0.058333
0 0.479687 0.701042 0.128125 0.147917
0 0.796875 0.711458 0.059375 0.118750
0 0.249219 0.743750 0.207813 0.162500
0 0.310937 0.818750 0.059375 0.083333
0 0.610938 0.577083 0.043750 0.104167
0 0.500000 0.967708 0.131250 0.060417
0 0.211719 0.497917 0.182812 0.125000
0 0.716406 0.700000 0.042188 0.087500
0 0.649219 0.539583 0.060937 0.083333
0 0.207813 0.429167 0.137500 0.108333
0 0.585938 0.650000 0.040625 0.108333
0 0.793750 0.945833 0.093750 0.104167
0 0.221875 0.622917 0.143750 0.050000
0 0.633594 0.308333 0.085938 0.083333
0 0.597656 0.703125 0.107813 0.106250
0 0.253906 0.986458 0.076563 0.022917
0 0.780469 0.827083 0.054688 0.087500
0 0.805469 0.830208 0.107813 0.135417
0 0.373437 0.570833 0.081250 0.108333
0 0.806250 0.957292 0.068750 0.081250
0 0.358594 0.546875 0.110937 0.152083
