0 0.650000 0.826042 0.140625 0.222917
0 0.126562 0.668750 0.121875 0.137500
0 0.164062 0.308333 0.181250 0.162500
0 0.289844 0.183333 0.139063 0.208333
0 0.788281 0.413542 0.060937 0.072917
0 0.677344 0.347917 0.070312 0.083333
0 0.221875 0.515625 0.143750 0.181250
0 0.886719 0.138542 0.039062 0.089583
0 0.788281 0.079167 0.070312 0.058333
0 0.728125 0.457292 0.065625 0.085417
0 0.587500 0.035417 0.140625 0.066667
0 0.320312 0.837500 0.181250 0.295833
0 0.271875 0.096875 0.128125 0.189583
0 0.789844 0.241667 0.060937 0.083333
0 0.546875 0.247917 0.075000 0.091667
0 0.764062 0.494792 0.056250 0.085417
0 0.682813 0.048958 0.056250 0.093750
0 0.473438 0.386458 0.112500 0.160417
0 0.335938 0.385417 0.106250 0.125000
0 0.625000 0.612500 0.078125 0.108333
0 0.633594 0.191667 0.054688 0.137500
0 0.384375 0.295833 0.065625 0.225000
0 0.725000 0.578125 0.068750 0.047917
0 0.112500 0.516667 0.103125 0.091667
0 0.631250 0.293750 0.096875 0.120833
0 0.529687 0.835417 0.062500 0.166667
0 0.146094 0.152083 0.110937 0.087500
0 0.379688 0.673958 0.153125 0.177083
0 0.542188 0.492708 0.075000 0.110417
0 0.144531 0.143750 0.107813 0.062500
0 0.699219 0.948958 0.095312 0.097917
0 0.773438 0.159375 0.062500 0.064583
0 0.478906 0.221875 0.079687 0.072917
0 0.593750 0.094792 0.075000 0.102083
0 0.639062 0.506250 0.103125 0.075000
0 0.160938 0.173958 0.043750 0.047917
0 0.196875 0.684375 0.065625 0.085417
0 0.672656 0.663542 0.082812 0.097917
0 0.586719 0.708333 0.079687 0.116667
0 0.699219 0.865625 0.060937 0.077083
0 0.483594 0.188542 0.089063 0.139583
0 0.220312 0.402083 0.140625 0.120833
0 0.289844 0.638542 0.085938 0.085417
0 0.410156 0.062500 0.107813 0.120833
0 0.396094 0.085417 0.135937 0.166667
0 0.609375 0.611458 0.109375 0.110417
