0 0.846875 0.459375 0.081250 0.114583
0 0.500000 0.800000 0.134375 0.237500
0 0.378125 0.868750 0.171875 0.225000
0 0.423438 0.471875 0.168750 0.218750
0 0.767969 0.555208 0.079687 0.106250
0 0.630469 0.958333 0.123438 0.075000
0 0.250000 0.897917 0.106250 0.166667
0 0.239844 0.484375 0.123438 0.147917
0 0.303125 0.572917 0.131250 0.150000
0 0.606250 0.290625 0.162500 0.131250
0 0.170313 0.290625 0.109375 0.110417
0 0.332813 0.112500 0.115625 0.191667
0 0.201563 0.675000 0.121875 0.116667
0 0.759375 0.175000 0.059375 0.045833
0 0.574219 0.120833 0.114062 0.162500
0 0.484375 0.022917 0.090625 0.041667
0 0.343750 0.737500 0.118750 0.112500
0 0.390625 0.305208 0.178125 0.143750
0 0.134375 0.114583 0.065625 0.062500
0 0.689844 0.578125 0.057813 0.072917
0 0.653125 0.866667 0.162500 0.137500
0 0.659375 0.076042 0.087500 0.097917
0 0.620313 0.181250 0.059375 0.100000
0 0.409375 0.677083 0.131250 0.087500
0 0.546094 0.443750 0.135937 0.220833
0 0.231250 0.977083 0.106250 0.037500
0 0.489844 0.575000 0.107813 0.104167
0 0.657813 0.173958 0.065625 0.118750
0 0.625000 0.729167 0.100000 0.162500
0 0.750000 0.379167 0.043750 0.170833
0 0.515625 0.085417 0.100000 0.166667
0 0.674219 0.864583 0.120313 0.137500
0 0.781250 0.325000 0.043750 0.062500
0 0.631250 0.593750 0.081250 0.054167
0 0.721875 0.019792 0.065625 0.035417
0 0.739844 0.487500 0.054688 0.062500
0 0.750000 0.427083 0.043750 0.075000
0 0.659375 0.357292 0.081250 0.114583
0 0.625000 0.681250 0.096875 0.154167
0 0.240625 0.204167 0.134375 0.141667
0 0.253125 0.735417 0.068750 0.112500
0 0.590625 0.682292 0.156250 0.160417
0 0.236719 0.119792 0.160938 0.185417
