0 0.91528 0.94297 0.08148 0.11162
0 0.43208 0.07975 0.14014 0.15985
0 0.78475 0.1663 0.05623 0.08253
0 0.7905 0.40916 0.07624 0.05256
0 0.63675 0.20177 0.14433 0.08463
0 0.40129 0.47495 0.11399 0.11423
0 0.26052 0.72441 0.1274 0.12038
0 0.38227 0.2419 0.08325 0.11379
0 0.84264 0.37389 0.07949 0.0917
0 0.72735 0.57537 0.08179 0.07985
0 0.32907 0.93415 0.12891 0.13116
0 0.4975 0.78538 0.14192 0.11987
0 0.73837 0.1477 0.04491 0.08253
0 0.50318 0.9139 0.16021 0.17168
0 0.2592 0.57589 0.09462 0.06108
0 0.62611 0.59686 0.13681 0.16315
0 0.79921 0.6397 0.05507 0.04315
0 0.69109 0.76725 0.13511 0.12322
0 0.47636 0.10671 0.04285 0.10431
0 0.44576 0.60702 0.10094 0.16394
0 0.34586 0.59863 0.14177 0.14992
0 0.31415 0.29168 0.06162 0.0763
0 0.29948 0.07453 0.13244 0.1301
0 0.67596 0.46817 0.06351 0.09715
0 0.79956 0.23741 0.05126 0.09027
0 0.71079 0.65837 0.09101 0.11167
0 0.55985 0.38867 0.05815 0.09765
0 0.76484 0.4926 0.05838 0.06962
0 0.37697 0.69233 0.11647 0.114
0 0.56445 0.4921 0.08886 0.10062
0 0.35456 0.93386 0.1815 0.13147
0 0.31116 0.05721 0.10773 0.09482
0 0.53758 0.2323 0.11247 0.12801
0 0.8783 0.4905 0.0354 0.08395
0 0.80561 0.87735 0.07792 0.20142
0 0.39738 0.9817 0.11623 0.03627
0 0.84454 0.99001 0.06578 0.01944
0 0.40289 0.3942 0.14001 0.12401
0 0.72545 0.33133 0.0638 0.07765
0 0.82405 0.85957 0.04055 0.16177
0 0.70697 0.20995 0.04457 0.04961
0 0.6499 0.10211 0.04379 0.08578
0 0.34395 0.14404 0.11122 0.14645
0 0.58788 0.75567 0.08653 0.12685
0 0.64823 0.60469 0.09269 0.14474
0 0.37752 0.38014 0.09054 0.09518
0 0.39994 0.07881 0.07608 0.1544
0 0.6009 0.18704 0.07251 0.05486
0 0.89609 0.41262 0.04241 0.08501
0 0.56472 0.47093 0.09009 0.14242
0 0.37188 0.76717 0.09549 0.08735
0 0.6473 0.95752 0.12614 0.08434
0 0.28555 0.15073 0.0883 0.09537
0 0.7925 0.24069 0.06542 0.09715
