0 0.653906 0.920833 0.148438 0.154167
0 0.313281 0.214583 0.151562 0.200000
0 0.442188 0.111458 0.112500 0.139583
0 0.651563 0.466667 0.096875 0.129167
0 0.883594 0.736458 0.117188 0.131250
0 0.385937 0.872917 0.131250 0.179167
0 0.631250 0.306250 0.071875 0.091667
0 0.678125 0.361458 0.087500 0.097917
0 0.778125 0.422917 0.071875 0.095833
0 0.388281 0.721875 0.064062 0.122917
0 0.507812 0.184375 0.071875 0.093750
0 0.452344 0.663542 0.085938 0.089583
0 0.321875 0.413542 0.153125 0.193750
0 0.839063 0.591667 0.078125 0.062500
0 0.497656 0.244792 0.060937 0.114583
0 0.539062 0.069792 0.056250 0.093750
0 0.837500 0.519792 0.046875 0.106250
0 0.570312 0.623958 0.075000 0.172917
0 0.457031 0.473958 0.120313 0.072917
0 0.783594 0.929167 0.085938 0.137500
0 0.767188 0.513542 0.081250 0.097917
0 0.238281 0.166667 0.085938 0.091667
0 0.523438 0.893750 0.090625 0.095833
0 0.456250 0.386458 0.056250 0.093750
0 0.789844 0.962500 0.073438 0.070833
0 0.721094 0.740625 0.085938 0.081250
0 0.412500 0.436458 0.062500 0.089583
0 0.502344 0.772917 0.082812 0.075000
0 0.552344 0.288542 0.054688 0.081250
0 0.696875 0.823958 0.043750 0.089583
0 0.824219 0.434375 0.057813 0.106250
0 0.553906 0.426042 0.039062 0.093750
0 0.850781 0.648958 0.073438 0.052083
0 0.697656 0.565625 0.073438 0.097917
0 0.348438 0.566667 0.065625 0.108333
0 0.585938 0.225000 0.090625 0.108333
0 0.810937 0.901042 0.068750 0.089583
0 0.718750 0.419792 0.050000 0.081250
0 0.304688 0.446875 0.118750 0.127083
0 0.515625 0.410417 0.040625 0.104167
0 0.769531 0.928125 0.057813 0.135417
0 0.323437 0.392708 0.150000 0.152083
0 0.449219 0.655208 0.095312 0.110417
