0 0.552344 0.238542 0.079687 0.102083
0 0.829688 0.666667 0.128125 0.141667
0 0.301563 0.846875 0.137500 0.181250
0 0.581250 0.904167 0.150000 0.183333
0 0.182812 0.136458 0.181250 0.235417
0 0.371875 0.610417 0.096875 0.104167
0 0.414844 0.085417 0.082812 0.116667
0 0.494531 0.565625 0.076563 0.185417
0 0.320312 0.043750 0.118750 0.083333
0 0.391406 0.217708 0.098437 0.227083
0 0.325000 0.958333 0.115625 0.079167
0 0.579688 0.398958 0.106250 0.152083
0 0.774219 0.350000 0.057813 0.116667
0 0.630469 0.771875 0.045312 0.097917
0 0.303125 0.675000 0.065625 0.120833
0 0.717969 0.360417 0.079687 0.112500
0 0.785156 0.518750 0.082812 0.070833
0 0.720313 0.935417 0.071875 0.125000
0 0.462500 0.362500 0.050000 0.116667
0 0.711719 0.908333 0.092188 0.179167
0 0.746875 0.848958 0.071875 0.089583
0 0.603906 0.290625 0.092188 0.102083
0 0.353125 0.331250 0.059375 0.104167
0 0.510938 0.122917 0.118750 0.129167
0 0.460156 0.213542 0.067187 0.102083
0 0.777344 0.460417 0.045312 0.116667
0 0.097656 0.075000 0.110937 0.116667
0 0.444531 0.869792 0.089063 0.093750
0 0.653125 0.347917 0.056250 0.100000
0 0.310937 0.382292 0.065625 0.097917
0 0.801562 0.591667 0.093750 0.075000
0 0.431250 0.714583 0.084375 0.070833
0 0.412500 0.366667 0.059375 0.120833
0 0.672656 0.480208 0.048438 0.135417
0 0.683594 0.755208 0.064062 0.110417
0 0.252344 0.514583 0.067187 0.116667
0 0.301563 0.815625 0.137500 0.110417
0 0.718750 0.440625 0.071875 0.110417
0 0.196094 0.384375 0.139063 0.139583
0 0.387500 0.178125 0.087500 0.147917
0 0.205469 0.338542 0.154688 0.160417
