0 0.238281 0.439583 0.173437 0.225000
0 0.651563 0.156250 0.137500 0.133333
0 0.103906 0.219792 0.204687 0.222917
0 0.391406 0.090625 0.117188 0.160417
0 0.522656 0.266667 0.279687 0.233333
0 0.777344 0.478125 0.082812 0.102083
0 0.623437 0.545833 0.109375 0.108333
0 0.546875 0.265625 0.231250 0.227083
0 0.468750 0.571875 0.090625 0.164583
0 0.828125 0.403125 0.075000 0.097917
0 0.181250 0.316667 0.090625 0.145833
0 0.467969 0.744792 0.042188 0.110417
0 0.768750 0.650000 0.062500 0.058333
0 0.191406 0.031250 0.101562 0.058333
0 0.746094 0.538542 0.060937 0.072917
0 0.691406 0.651042 0.092188 0.168750
0 0.594531 0.828125 0.076563 0.064583
0 0.273438 0.069792 0.078125 0.118750
0 0.552344 0.081250 0.067187 0.158333
0 0.257031 0.216667 0.082812 0.162500
0 0.378906 0.219792 0.076563 0.118750
0 0.487500 0.045833 0.087500 0.087500
0 0.744531 0.052083 0.117188 0.100000
0 0.335156 0.311458 0.067187 0.122917
0 0.587500 0.268750 0.150000 0.220833
0 0.449219 0.230208 0.135937 0.156250
0 0.669531 0.493750 0.073438 0.066667
0 0.656250 0.841667 0.046875 0.104167
0 0.363281 0.435417 0.089063 0.129167
0 0.608594 0.696875 0.051562 0.193750
0 0.566406 0.669792 0.064062 0.122917
0 0.523438 0.558333 0.065625 0.070833
0 0.567969 0.771875 0.054688 0.110417
0 0.353906 0.641667 0.120313 0.125000
0 0.647656 0.720833 0.042188 0.125000
0 0.896875 0.272917 0.046875 0.091667
0 0.561719 0.409375 0.079687 0.118750
0 0.682813 0.686458 0.071875 0.102083
0 0.476562 0.242708 0.090625 0.177083
0 0.370312 0.204167 0.096875 0.150000
0 0.934375 0.288542 0.056250 0.110417
