0 0.22096 0.93558 0.16139 0.12872
0 0.68415 0.92738 0.12204 0.14406
0 0.79185 0.57714 0.09302 0.20596
0 0.87785 0.5002 0.10008 0.12505
0 0.6957 0.56061 0.14647 0.21764
0 0.63934 0.74575 0.10617 0.11574
0 0.5642 0.48808 0.07727 0.14658
0 0.52684 0.94362 0.11915 0.11174
0 0.66112 0.24285 0.14281 0.09483
0 0.36278 0.23681 0.12693 0.17023
0 0.94025 0.97446 0.05765 0.04954
0 0.3346 0.95344 0.07237 0.09256
0 0.52723 0.7665 0.11251 0.20089
0 0.75534 0.30839 0.05804 0.07204
0 0.79135 0.73465 0.09627 0.1566
0 0.71235 0.71473 0.08211 0.12215
0 0.5904 0.166 0.06104 0.08143
0 0.31435 0.15827 0.09186 0.06581
0 0.68381 0.18035 0.06309 0.05437
0 0.44411 0.81262 0.08002 0.14481
0 0.64838 0.05631 0.11455 0.10758
0 0.51282 0.27095 0.08573 0.08034
0 0.44871 0.38437 0.04538 0.09085
0 0.51567 0.28916 0.09283 0.11651
0 0.5659 0.0689 0.03657 0.08461
0 0.38986 0.11031 0.08696 0.09271
0 0.68045 0.0865 0.05018 0.04441
0 0.32377 0.05409 0.11011 0.10811
0 0.52226 0.10911 0.08417 0.03136
0 0.5142 0.08414 0.06124 0.033
0 0.34506 0.52348 0.06412 0.07206
0 0.3177 0.6402 0.09425 0.0552
0 0.64324 0.4664 0.10453 0.12066
0 0.42348 0.6769 0.10069 0.14381
0 0.47399 0.61903 0.07822 0.18222
0 0.4629 0.42493 0.05905 0.08179
0 0.72097 0.40906 0.0527 0.09302
0 0.46009 0.91256 0.09321 0.1737
0 0.37042 0.84669 0.09665 0.10928
0 0.65309 0.34973 0.13748 0.12967
0 0.51084 0.53387 0.0548 0.12543
0 0.3744 0.54926 0.08829 0.10671
0 0.37872 0.71437 0.07436 0.08719
0 0.63273 0.05421 0.08412 0.10163
