0 0.68502 0.52736 0.16768 0.12201
0 0.48407 0.15464 0.09174 0.11286
0 0.69819 0.32757 0.064 0.05337
0 0.5796 0.84856 0.09991 0.18028
0 0.70663 0.43725 0.07529 0.07257
0 0.27998 0.20555 0.16948 0.1707
0 0.61154 0.44287 0.07237 0.08445
0 0.24862 0.34932 0.12524 0.06497
0 0.89988 0.9443 0.09312 0.10964
0 0.56939 0.30452 0.04909 0.1062
0 0.42095 0.66297 0.06307 0.1054
0 0.51904 0.27457 0.08904 0.10933
0 0.73092 0.89728 0.19984 0.20393
0 0.95506 0.88215 0.08853 0.10758
0 0.76133 0.54671 0.06646 0.08565
0 0.51006 0.42797 0.11769 0.11565
0 0.72254 0.62561 0.07472 0.08824
0 0.44937 0.90792 0.10895 0.18307
0 0.41735 0.15059 0.08693 0.14137
0 0.73107 0.87371 0.20177 0.2512
0 0.61545 0.10962 0.04647 0.05768
0 0.34399 0.87438 0.1049 0.06501
0 0.22696 0.89748 0.0995 0.07468
0 0.51432 0.86843 0.08154 0.15865
0 0.31661 0.49368 0.14266 0.15389
0 0.66766 0.66037 0.12664 0.1437
0 0.50669 0.53917 0.10556 0.07667
0 0.39747 0.5443 0.07085 0.1281
0 0.55146 0.05332 0.06254 0.10559
0 0.62248 0.29659 0.05064 0.06262
0 0.50786 0.31385 0.06723 0.03392
0 0.39712 0.06651 0.10656 0.13263
0 0.66608 0.67246 0.1184 0.11158
0 0.52411 0.70373 0.07755 0.08567
0 0.27402 0.769 0.07748 0.07862
0 0.33129 0.77649 0.07197 0.06763
0 0.55682 0.09975 0.10036 0.19777
0 0.44503 0.01446 0.0449 0.02898
0 0.25668 0.87553 0.15884 0.11978
0 0.50451 0.01053 0.04691 0.02123
0 0.35199 0.31288 0.09852 0.09229
0 0.43424 0.85926 0.0784 0.0859
0 0.43902 0.70154 0.06519 0.08813
0 0.45529 0.94178 0.09495 0.11548
0 0.33191 0.69774 0.05353 0.08086
0 0.4774 0.07066 0.09605 0.06713
0 0.34901 0.42026 0.08656 0.10472
0 0.31844 0.9206 0.08583 0.08527
0 0.50734 0.55837 0.10803 0.11527
0 0.34722 0.69025 0.0838 0.09606
0 0.50804 0.41995 0.14408 0.13858
0 0.51943 0.263 0.08671 0.08514
0 0.88342 0.94391 0.12767 0.11019
