0 0.351562 0.538542 0.200000 0.177083
0 0.804688 0.889583 0.200000 0.162500
0 0.220312 0.629167 0.118750 0.075000
0 0.659375 0.876042 0.128125 0.202083
0 0.255469 0.206250 0.120313 0.158333
0 0.903906 0.965625 0.151562 0.064583
0 0.469531 0.782292 0.182812 0.181250
0 0.467969 0.953125 0.123438 0.089583
0 0.302344 0.822917 0.104688 0.091667
0 0.392969 0.857292 0.082812 0.114583
0 0.539062 0.840625 0.109375 0.164583
0 0.332031 0.118750 0.145313 0.229167
0 0.742969 0.615625 0.064062 0.081250
0 0.639844 0.293750 0.104688 0.104167
0 0.600000 0.408333 0.103125 0.225000
0 0.297656 0.975000 0.082812 0.045833
0 0.567969 0.971875 0.092188 0.052083
0 0.248438 0.463542 0.112500 0.077083
0 0.514062 0.306250 0.096875 0.120833
0 0.596094 0.179167 0.051562 0.095833
0 0.388281 0.685417 0.101562 0.120833
0 0.500000 0.139583 0.093750 0.075000
0 0.585938 0.101042 0.109375 0.160417
0 0.310937 0.363542 0.134375 0.077083
0 0.561719 0.212500 0.117188 0.141667
0 0.192188 0.972917 0.146875 0.054167
0 0.754687 0.907292 0.103125 0.127083
0 0.714844 0.497917 0.032813 0.087500
0 0.207031 0.851042 0.089063 0.118750
0 0.388281 0.964583 0.076563 0.066667
0 0.664062 0.633333 0.087500 0.141667
0 0.650781 0.983333 0.079687 0.029167
0 0.835938 0.870833 0.137500 0.129167
0 0.316406 0.744792 0.054688 0.077083
0 0.342187 0.519792 0.178125 0.139583
0 0.917969 0.966667 0.117188 0.062500
