0 0.293750 0.104167 0.175000 0.191667
0 0.667188 0.122917 0.118750 0.145833
0 0.236719 0.879167 0.139063 0.112500
0 0.775781 0.966667 0.179688 0.062500
0 0.328125 0.755208 0.084375 0.102083
0 0.392188 0.930208 0.168750 0.135417
0 0.757812 0.416667 0.056250 0.095833
0 0.370312 0.250000 0.106250 0.091667
0 0.541406 0.094792 0.042188 0.102083
0 0.474219 0.147917 0.057813 0.083333
0 0.404687 0.755208 0.068750 0.164583
0 0.302344 0.550000 0.089063 0.058333
0 0.364844 0.479167 0.107813 0.154167
0 0.707812 0.515625 0.131250 0.168750
0 0.791406 0.464583 0.054688 0.079167
0 0.660937 0.839583 0.153125 0.125000
0 0.303125 0.322917 0.109375 0.066667
0 0.464062 0.815625 0.071875 0.143750
0 0.511719 0.340625 0.135937 0.222917
0 0.549219 0.148958 0.054688 0.064583
0 0.680469 0.344792 0.048438 0.085417
0 0.286719 0.968750 0.076563 0.058333
0 0.288281 0.729167 0.073438 0.087500
0 0.354687 0.884375 0.112500 0.131250
0 0.606250 0.415625 0.075000 0.093750
0 0.842969 0.939583 0.054688 0.037500
0 0.486719 0.753125 0.067187 0.160417
0 0.561719 0.579167 0.048438 0.108333
0 0.685156 0.712500 0.067187 0.083333
0 0.629687 0.978125 0.125000 0.039583
0 0.680469 0.836458 0.114062 0.118750
0 0.549219 0.333333 0.085938 0.095833
