0 0.257812 0.340625 0.171875 0.172917
0 0.630469 0.318750 0.126562 0.166667
0 0.250781 0.950000 0.104688 0.095833
0 0.367188 0.742708 0.100000 0.081250
0 0.716406 0.620833 0.051562 0.100000
0 0.518750 0.458333 0.059375 0.087500
0 0.473438 0.043750 0.068750 0.083333
0 0.332031 0.943750 0.070312 0.087500
0 0.280469 0.558333 0.104688 0.079167
0 0.373437 0.162500 0.103125 0.150000
0 0.414844 0.043750 0.054688 0.083333
0 0.561719 0.570833 0.042188 0.112500
0 0.511719 0.368750 0.035937 0.100000
0 0.480469 0.631250 0.110937 0.179167
0 0.597656 0.407292 0.045312 0.072917
0 0.445312 0.461458 0.059375 0.089583
0 0.279687 0.681250 0.075000 0.083333
0 0.740625 0.588542 0.059375 0.081250
0 0.332813 0.852083 0.078125 0.095833
0 0.641406 0.568750 0.045312 0.095833
0 0.381250 0.475000 0.081250 0.062500
0 0.528125 0.106250 0.059375 0.129167
0 0.405469 0.043750 0.035937 0.083333
0 0.565625 0.877083 0.137500 0.104167
0 0.648438 0.714583 0.078125 0.166667
0 0.407813 0.872917 0.131250 0.116667
0 0.567969 0.130208 0.054688 0.077083
0 0.644531 0.853125 0.060937 0.060417
0 0.536719 0.811458 0.045312 0.085417
0 0.420312 0.955208 0.084375 0.085417
0 0.454688 0.603125 0.059375 0.122917
0 0.560156 0.702083 0.092188 0.075000
0 0.712500 0.514583 0.059375 0.041667
0 0.629687 0.434375 0.096875 0.068750
0 0.530469 0.640625 0.067187 0.056250
0 0.388281 0.392708 0.095312 0.081250
0 0.430469 0.332292 0.085938 0.110417
0 0.327344 0.590625 0.085938 0.077083
0 0.462500 0.546875 0.081250 0.089583
0 0.294531 0.480208 0.089063 0.089583
