0 0.87649 0.43214 0.1865 0.19
0 0.1668 0.48897 0.17531 0.16071
0 0.15967 0.06422 0.12613 0.08416
0 0.5015 0.67655 0.14497 0.23968
0 0.63648 0.29513 0.13162 0.19302
0 0.44712 0.41011 0.12423 0.13987
0 0.4404 0.214 0.18985 0.19637
0 0.89214 0.69795 0.08147 0.12537
0 0.27232 0.26951 0.10639 0.08978
0 0.33074 0.9426 0.16236 0.11374
0 0.35032 0.75774 0.0935 0.146
0 0.51503 0.27003 0.11589 0.16084
0 0.78579 0.78763 0.12115 0.12432
0 0.39561 0.63331 0.10775 0.17249
0 0.36757 0.2942 0.08003 0.11367
0 0.22951 0.57261 0.10506 0.09682
0 0.33437 0.55052 0.08136 0.11887
0 0.34888 0.11685 0.11676 0.15043
0 0.58466 0.505 0.19141 0.2755
0 0.72844 0.94967 0.11396 0.09994
0 0.65387 0.81204 0.14663 0.18536
0 0.28349 0.42464 0.08319 0.05341
0 0.40139 0.84736 0.11282 0.17426
0 0.29176 0.6893 0.07577 0.09965
0 0.34564 0.02656 0.10926 0.05297
0 0.71284 0.62515 0.13277 0.25717
0 0.17666 0.30174 0.07815 0.12461
0 0.63505 0.78322 0.18162 0.24009
0 0.71562 0.43985 0.08414 0.05946
0 0.61207 0.73434 0.13933 0.1451
0 0.81964 0.28071 0.13141 0.14058
0 0.26217 0.19829 0.08513 0.09291
0 0.20251 0.41141 0.07091 0.0325
0 0.73064 0.31898 0.10366 0.12158
0 0.73232 0.03287 0.06856 0.06535
0 0.54942 0.05107 0.08441 0.10134
0 0.55543 0.83124 0.10927 0.10158
0 0.64495 0.47485 0.07959 0.17209
0 0.71303 0.66774 0.12924 0.17275
0 0.56695 0.50444 0.15295 0.27378
0 0.78217 0.29488 0.20539 0.16941
0 0.28919 0.60611 0.05411 0.1079
0 0.35693 0.94263 0.21612 0.11376
0 0.75953 0.53085 0.06969 0.14747
0 0.41258 0.24252 0.13328 0.13902
