0 0.38188 0.75768 0.13111 0.22319
0 0.79768 0.18795 0.18973 0.16975
0 0.76112 0.34007 0.12752 0.18948
0 0.65302 0.51793 0.12378 0.14063
0 0.66738 0.3939 0.09822 0.10735
0 0.24411 0.60726 0.10612 0.14553
0 0.27662 0.52229 0.08772 0.0933
0 0.92446 0.56493 0.03339 0.12541
0 0.53518 0.49297 0.13488 0.20076
0 0.38531 0.03936 0.07997 0.07848
0 0.33368 0.06711 0.0568 0.09568
0 0.85351 0.55098 0.07145 0.07174
0 0.6998 0.86529 0.17561 0.24876
0 0.4616 0.03291 0.06719 0.06548
0 0.84927 0.3927 0.07299 0.11437
0 0.47165 0.3958 0.11495 0.16966
0 0.70119 0.69984 0.07162 0.07007
0 0.35253 0.29867 0.07317 0.09183
0 0.83575 0.63607 0.06136 0.10167
0 0.45227 0.1757 0.17485 0.21203
0 0.86586 0.71772 0.05915 0.0822
0 0.59601 0.61448 0.06914 0.09931
0 0.89108 0.79028 0.05295 0.0466
0 0.80401 0.67709 0.05077 0.09953
0 0.84148 0.39134 0.05403 0.1109
0 0.75472 0.5701 0.0594 0.09169
0 0.78923 0.51163 0.06105 0.09462
0 0.6657 0.30279 0.09004 0.09988
0 0.64609 0.04737 0.16011 0.09445
0 0.73342 0.83861 0.10863 0.19529
0 0.50912 0.32915 0.07382 0.14332
0 0.49488 0.76637 0.07264 0.07884
0 0.53099 0.03147 0.0638 0.06265
0 0.59349 0.82232 0.09547 0.16036
0 0.39475 0.59891 0.05979 0.08219
0 0.73443 0.80309 0.10612 0.12552
0 0.70634 0.08708 0.14908 0.16949
0 0.64091 0.74351 0.09628 0.11466
0 0.46473 0.42336 0.12973 0.2573
0 0.47084 0.17949 0.13778 0.20167
0 0.80544 0.02642 0.03891 0.0526
0 0.48543 0.15863 0.10958 0.15832
0 0.72841 0.88756 0.08569 0.09868
0 0.66151 0.88745 0.0984 0.20504
0 0.6771 0.08626 0.22451 0.17236
0 0.72394 0.34378 0.20247 0.19952
0 0.59241 0.80776 0.10085 0.19407
0 0.25987 0.62332 0.13837 0.17926
0 0.45202 0.42104 0.15634 0.26875
