0 0.85942 0.87075 0.21751 0.2119
0 0.59184 0.73643 0.17391 0.16922
0 0.60139 0.29097 0.12974 0.2251
0 0.76249 0.1752 0.2659 0.09406
0 0.63145 0.57457 0.18686 0.26621
0 0.30596 0.12493 0.12141 0.14504
0 0.20176 0.62563 0.12611 0.09043
0 0.76615 0.48799 0.09766 0.08872
0 0.06983 0.44443 0.0897 0.10891
0 0.66933 0.04621 0.12177 0.09211
0 0.76003 0.97556 0.08415 0.04752
0 0.52842 0.11615 0.1438 0.23132
0 0.07465 0.35375 0.10767 0.10048
0 0.28456 0.28749 0.10989 0.13414
0 0.49179 0.15469 0.08543 0.09658
0 0.38659 0.65389 0.12493 0.14447
0 0.24368 0.4006 0.08767 0.10873
0 0.07893 0.28272 0.08583 0.05453
0 0.27134 0.02479 0.10696 0.04981
0 0.51266 0.60611 0.11406 0.17146
0 0.56569 0.85259 0.0921 0.07041
0 0.03006 0.06405 0.05976 0.1278
0 0.16024 0.22034 0.08386 0.20059
0 0.2325 0.20177 0.06742 0.14541
0 0.43684 0.79565 0.07255 0.19333
0 0.40787 0.54446 0.13409 0.1835
0 0.50728 0.42936 0.09237 0.08349
0 0.35872 0.31969 0.06103 0.09397
0 0.42526 0.24455 0.07253 0.0968
0 0.71496 0.42244 0.11286 0.06471
0 0.54532 0.12595 0.10623 0.20785
0 0.71291 0.44496 0.11829 0.1104
0 0.42673 0.26155 0.07634 0.13094
0 0.51646 0.19929 0.07606 0.08795
0 0.2437 0.49797 0.0264 0.10028
0 0.33758 0.49741 0.12243 0.1035
0 0.39108 0.54164 0.1002 0.11215
0 0.16647 0.40041 0.06769 0.12049
0 0.66432 0.2486 0.07501 0.13254
0 0.66792 0.26222 0.06745 0.10506
0 0.70004 0.93829 0.07733 0.08576
0 0.0979 0.05647 0.08125 0.11273
0 0.08081 0.02826 0.1028 0.05616
0 0.08713 0.05668 0.11202 0.11272
0 0.18325 0.06013 0.08738 0.11954
0 0.51202 0.58194 0.1165 0.22074
0 0.16068 0.19205 0.08206 0.14357
