0 0.80902 0.70875 0.17422 0.21887
0 0.65822 0.32363 0.24668 0.28711
0 0.33662 0.56459 0.1243 0.17216
0 0.56184 0.11755 0.09611 0.21004
0 0.37294 0.0604 0.1055 0.0483
0 0.75154 0.90719 0.12582 0.1832
0 0.45763 0.12237 0.13164 0.16563
0 0.38931 0.86435 0.15192 0.13438
0 0.61705 0.87392 0.13849 0.17022
0 0.86549 0.5145 0.15233 0.1172
0 0.83491 0.51538 0.21425 0.12128
0 0.79274 0.07533 0.13958 0.11894
0 0.44117 0.60884 0.10885 0.12691
0 0.70778 0.74766 0.16277 0.20707
0 0.69022 0.32187 0.18104 0.28433
0 0.86329 0.18301 0.09525 0.14068
0 0.55649 0.60417 0.12302 0.13671
0 0.30202 0.78354 0.11848 0.14269
0 0.88653 0.29365 0.10402 0.08892
0 0.51071 0.77428 0.15559 0.21823
0 0.32205 0.94465 0.12724 0.10786
0 0.87774 0.90834 0.12066 0.18199
0 0.42308 0.39113 0.11766 0.04082
0 0.32689 0.76622 0.16794 0.18092
0 0.8543 0.35829 0.16683 0.21919
0 0.43134 0.49472 0.12352 0.14596
0 0.37972 0.23606 0.06364 0.07867
0 0.33398 0.94462 0.15425 0.10867
0 0.73854 0.54497 0.10485 0.07181
0 0.33089 0.94373 0.09827 0.10505
0 0.84822 0.1815 0.12639 0.14581
