0 0.77737 0.76112 0.22439 0.14538
0 0.83427 0.17816 0.19261 0.14129
0 0.38618 0.10423 0.12478 0.1431
0 0.63201 0.54243 0.15697 0.28146
0 0.66804 0.12706 0.24798 0.1908
0 0.57095 0.11694 0.20532 0.18429
0 0.784 0.61345 0.12676 0.17862
0 0.86746 0.38758 0.10376 0.15109
0 0.75933 0.9354 0.15043 0.12785
0 0.32918 0.70394 0.12034 0.12992
0 0.52931 0.32087 0.08093 0.19172
0 0.73427 0.32089 0.16826 0.12843
0 0.40466 0.22714 0.11211 0.05464
0 0.45417 0.29194 0.11479 0.11708
0 0.88518 0.49969 0.12093 0.11068
0 0.86798 0.48598 0.15514 0.13656
0 0.31418 0.91566 0.15022 0.16555
0 0.75221 0.91026 0.16421 0.17848
0 0.50837 0.07452 0.14729 0.14937
0 0.43678 0.92928 0.14687 0.14008
0 0.81238 0.05341 0.13991 0.10612
0 0.37393 0.59348 0.1384 0.02967
0 0.47144 0.81374 0.12875 0.14344
0 0.6491 0.90949 0.15322 0.17977
0 0.78762 0.88601 0.16911 0.17551
0 0.64961 0.9408 0.15296 0.1177
0 0.86369 0.02711 0.09041 0.05426
0 0.40376 0.47768 0.10287 0.05376
0 0.83032 0.05361 0.10287 0.1053
0 0.38291 0.79875 0.09987 0.1315
