0 0.55417 0.17888 0.2338 0.27196
0 0.19498 0.17374 0.21535 0.23906
0 0.87208 0.77987 0.22197 0.23826
0 0.80623 0.10133 0.19426 0.2024
0 0.24124 0.64656 0.13465 0.16163
0 0.35097 0.24747 0.15059 0.21683
0 0.95121 0.20745 0.09717 0.14819
0 0.93731 0.92506 0.12519 0.14885
0 0.82766 0.9477 0.17034 0.10373
0 0.62992 0.95549 0.17515 0.08827
0 0.94227 0.56525 0.11539 0.12054
0 0.86926 0.37077 0.20232 0.3203
0 0.52623 0.80267 0.13224 0.15738
0 0.71626 0.59358 0.1651 0.2231
0 0.39348 0.80225 0.14714 0.14718
0 0.2356 0.41057 0.26677 0.15724
0 0.45012 0.50709 0.23666 0.13906
0 0.36693 0.07384 0.12567 0.14723
0 0.51364 0.63619 0.1093 0.23217
0 0.94301 0.43254 0.11361 0.19586
0 0.68041 0.06423 0.12882 0.12301
0 0.75894 0.39063 0.13971 0.17338
0 0.19103 0.39183 0.17827 0.11851
0 0.32762 0.89282 0.10991 0.20939
0 0.29405 0.43377 0.15068 0.1113
0 0.63764 0.48122 0.17072 0.17508
0 0.64444 0.7172 0.17835 0.16299
0 0.74461 0.88704 0.15317 0.18318
0 0.28556 0.95084 0.0627 0.09706
0 0.40278 0.37894 0.15272 0.16724
0 0.61532 0.3001 0.19365 0.18746
0 0.37543 0.79246 0.18352 0.16578
0 0.3849 0.66612 0.12424 0.13524
0 0.8214 0.09984 0.15981 0.20034
