0 0.753125 0.583333 0.193750 0.237500
0 0.928125 0.916667 0.140625 0.104167
0 0.878125 0.217708 0.181250 0.293750
0 0.293750 0.439583 0.162500 0.120833
0 0.565625 0.876042 0.112500 0.243750
0 0.392969 0.476042 0.132812 0.127083
0 0.541406 0.522917 0.179688 0.166667
0 0.929688 0.406250 0.115625 0.162500
0 0.496875 0.769792 0.118750 0.118750
0 0.358594 0.684375 0.123438 0.164583
0 0.501563 0.401042 0.115625 0.156250
0 0.799219 0.925000 0.098437 0.116667
0 0.621094 0.228125 0.120313 0.214583
0 0.689844 0.885417 0.085938 0.133333
0 0.446094 0.238542 0.107813 0.118750
0 0.306250 0.823958 0.121875 0.135417
0 0.919531 0.505208 0.110937 0.143750
0 0.414062 0.109375 0.106250 0.214583
0 0.418750 0.886458 0.134375 0.214583
0 0.516406 0.023958 0.073438 0.043750
0 0.524219 0.185417 0.073438 0.145833
0 0.892188 0.491667 0.165625 0.170833
0 0.713281 0.256250 0.132812 0.191667
0 0.431250 0.110417 0.140625 0.216667
0 0.690625 0.969792 0.075000 0.056250
0 0.771875 0.788542 0.087500 0.097917
0 0.467969 0.061458 0.067187 0.118750
0 0.645312 0.452083 0.112500 0.212500
0 0.765625 0.063542 0.078125 0.110417
0 0.811719 0.975000 0.107813 0.045833
0 0.532813 0.285417 0.050000 0.133333
0 0.850781 0.821875 0.089063 0.060417
0 0.281250 0.222917 0.181250 0.225000
0 0.375781 0.255208 0.085938 0.077083
0 0.280469 0.181250 0.107813 0.141667
0 0.732031 0.705208 0.123438 0.093750
0 0.585156 0.613542 0.123438 0.197917
0 0.811719 0.794792 0.167187 0.114583
0 0.933594 0.977083 0.129688 0.041667
0 0.678906 0.060417 0.095312 0.116667
0 0.648438 0.132292 0.103125 0.102083
0 0.446875 0.061458 0.109375 0.118750
0 0.329688 0.808333 0.168750 0.166667
0 0.721875 0.233333 0.112500 0.141667
0 0.402344 0.898958 0.101562 0.185417
