0 0.161719 0.241667 0.179688 0.183333
0 0.355469 0.819792 0.148438 0.231250
0 0.691406 0.226042 0.139063 0.289583
0 0.541406 0.560417 0.176563 0.204167
0 0.721875 0.910417 0.171875 0.108333
0 0.389062 0.500000 0.181250 0.150000
0 0.351562 0.043750 0.121875 0.083333
0 0.290625 0.127083 0.112500 0.170833
0 0.443750 0.237500 0.153125 0.195833
0 0.167969 0.418750 0.142187 0.100000
0 0.779687 0.496875 0.153125 0.177083
0 0.210156 0.619792 0.107813 0.122917
0 0.643750 0.636458 0.096875 0.152083
0 0.241406 0.452083 0.120313 0.104167
0 0.695312 0.970833 0.140625 0.054167
0 0.217188 0.733333 0.087500 0.112500
0 0.316406 0.294792 0.092188 0.164583
0 0.585938 0.964583 0.109375 0.066667
0 0.424219 0.042708 0.079687 0.081250
0 0.468750 0.757292 0.103125 0.127083
0 0.701562 0.797917 0.178125 0.112500
0 0.676562 0.722917 0.121875 0.141667
0 0.571094 0.826042 0.104688 0.172917
0 0.655469 0.102083 0.073438 0.129167
0 0.692969 0.714583 0.089063 0.125000
0 0.532813 0.668750 0.131250 0.091667
0 0.331250 0.715625 0.100000 0.081250
0 0.398438 0.651042 0.078125 0.106250
0 0.471094 0.340625 0.110937 0.152083
0 0.600000 0.258333 0.071875 0.154167
0 0.257031 0.887500 0.070312 0.129167
0 0.278906 0.245833 0.089063 0.108333
