0 0.57822 0.54194 0.17956 0.20392
0 0.73535 0.20657 0.09437 0.30898
0 0.76013 0.93698 0.18724 0.12464
0 0.42935 0.75488 0.1607 0.20775
0 0.83877 0.28186 0.09819 0.11556
0 0.44355 0.04742 0.12875 0.09478
0 0.79065 0.73594 0.15792 0.1388
0 0.68966 0.62767 0.12487 0.15163
0 0.3207 0.23941 0.14776 0.15461
0 0.50234 0.22262 0.12293 0.19708
0 0.48347 0.47139 0.1688 0.13589
0 0.86587 0.44399 0.22616 0.31436
0 0.83421 0.83619 0.16786 0.0903
0 0.36038 0.91856 0.13851 0.15976
0 0.7491 0.51851 0.095 0.13477
0 0.5629 0.28354 0.12336 0.22758
0 0.54247 0.03677 0.0996 0.07367
0 0.44352 0.95527 0.11495 0.08843
0 0.34512 0.40798 0.14784 0.11355
0 0.39489 0.1361 0.11496 0.15062
0 0.79663 0.18922 0.10163 0.0902
0 0.89278 0.49473 0.17376 0.21192
0 0.34636 0.56379 0.08605 0.09354
0 0.53986 0.72185 0.14456 0.12764
0 0.68275 0.85038 0.11234 0.11333
0 0.61229 0.96544 0.13446 0.06832
0 0.60115 0.10159 0.10767 0.15228
0 0.32427 0.39138 0.10564 0.07946
0 0.38823 0.28342 0.11462 0.14707
0 0.50461 0.48038 0.12888 0.11599
0 0.62991 0.08978 0.16321 0.17851
0 0.37122 0.42011 0.09638 0.08915
0 0.80867 0.836 0.11561 0.08871
0 0.48201 0.86379 0.10112 0.12226
0 0.81396 0.40667 0.12211 0.23948
0 0.67899 0.06098 0.07994 0.12154
0 0.75745 0.53813 0.11342 0.17397
