0 0.25399 0.05457 0.14403 0.10909
0 0.59098 0.30533 0.17434 0.17188
0 0.41371 0.55064 0.14093 0.2078
0 0.40643 0.83083 0.1605 0.16652
0 0.45018 0.26336 0.17165 0.16473
0 0.79647 0.94792 0.1559 0.10313
0 0.24666 0.19294 0.12862 0.07177
0 0.83036 0.27101 0.15498 0.15624
0 0.6041 0.77332 0.14278 0.17518
0 0.65317 0.93469 0.14972 0.12948
0 0.69058 0.39211 0.09679 0.15829
0 0.28348 0.38335 0.10254 0.10098
0 0.25747 0.95368 0.1138 0.09154
0 0.54738 0.07891 0.10602 0.15421
0 0.77666 0.6371 0.14215 0.08391
0 0.73883 0.06491 0.1317 0.12989
0 0.62377 0.66364 0.09671 0.12885
0 0.52474 0.52432 0.09849 0.11652
0 0.27489 0.20485 0.18526 0.09614
0 0.4372 0.93706 0.08331 0.1243
0 0.30988 0.21617 0.11781 0.07185
0 0.27417 0.84579 0.11864 0.09779
0 0.73523 0.74472 0.13358 0.14375
0 0.31348 0.76162 0.12667 0.20335
0 0.717 0.51806 0.1464 0.16263
0 0.41703 0.24713 0.10489 0.13354
0 0.38341 0.05974 0.08404 0.11935
0 0.74166 0.51383 0.09643 0.15332
0 0.50862 0.05505 0.11413 0.10984
0 0.7698 0.80996 0.12976 0.08056
0 0.66178 0.84251 0.09052 0.07484
0 0.27986 0.5146 0.06746 0.07797
0 0.40833 0.15514 0.10859 0.12204
0 0.46713 0.27809 0.13841 0.13307
0 0.31382 0.64102 0.04738 0.10266
0 0.74475 0.4881 0.08816 0.10185
0 0.29686 0.7318 0.06656 0.08005
0 0.81532 0.17148 0.07754 0.17983
0 0.73835 0.70326 0.13108 0.06567
0 0.56799 0.41676 0.09174 0.1167
0 0.81671 0.2695 0.1835 0.16268
0 0.33074 0.5775 0.06379 0.14538
0 0.49513 0.05405 0.08635 0.10803
0 0.28551 0.50925 0.07901 0.08852
0 0.77456 0.94736 0.20124 0.10387
0 0.52387 0.50759 0.10101 0.15096
