0 0.57324 0.30048 0.1827 0.17335
0 0.39536 0.82283 0.14329 0.16346
0 0.44382 0.25906 0.17222 0.17019
0 0.39871 0.5444 0.158 0.21265
0 0.25051 0.94401 0.14358 0.11107
0 0.84471 0.25972 0.16231 0.16669
0 0.72454 0.05645 0.10531 0.11316
0 0.57581 0.78317 0.1448 0.16801
0 0.72968 0.52004 0.16432 0.1695
0 0.3077 0.74783 0.14012 0.19235
0 0.68101 0.38588 0.11331 0.16725
0 0.7854 0.95943 0.12735 0.07968
0 0.5286 0.08202 0.09743 0.16389
0 0.63955 0.9434 0.15583 0.11203
0 0.74577 0.25569 0.07837 0.11907
0 0.28407 0.37753 0.09611 0.09949
0 0.74794 0.76954 0.15694 0.19203
0 0.25999 0.05429 0.14665 0.10851
0 0.75078 0.51539 0.12184 0.15975
0 0.75591 0.83297 0.14121 0.09008
0 0.30883 0.21165 0.12049 0.07264
0 0.25382 0.19025 0.12319 0.07153
0 0.27016 0.82813 0.12208 0.09643
0 0.62953 0.65343 0.09682 0.10927
0 0.64249 0.855 0.09656 0.07616
0 0.36446 0.06002 0.10322 0.11965
0 0.4803 0.05091 0.07766 0.10152
0 0.28007 0.18185 0.17542 0.13435
0 0.55707 0.41191 0.10879 0.12165
0 0.28049 0.94377 0.20567 0.11089
0 0.40864 0.24084 0.10195 0.13404
0 0.52155 0.51264 0.11012 0.13234
0 0.26357 0.17114 0.14306 0.11319
0 0.75723 0.65553 0.15246 0.06466
0 0.63617 0.20711 0.12993 0.14723
0 0.46239 0.27327 0.13642 0.13795
0 0.84312 0.20012 0.16519 0.28526
0 0.71117 0.05716 0.13402 0.11464
0 0.43571 0.94074 0.09364 0.11726
0 0.77432 0.63788 0.18409 0.09989
