0 0.75785 0.26151 0.18685 0.1814
0 0.32917 0.52643 0.16354 0.20224
0 0.67615 0.52574 0.16491 0.15817
0 0.45649 0.30743 0.17132 0.16879
0 0.56046 0.39641 0.12091 0.17921
0 0.23822 0.91391 0.14898 0.16544
0 0.60121 0.26487 0.08576 0.12212
0 0.34397 0.78057 0.13949 0.15643
0 0.28507 0.07093 0.11945 0.14159
0 0.66815 0.1543 0.13424 0.22893
0 0.71946 0.632 0.15915 0.06645
0 0.67159 0.78619 0.16525 0.21513
0 0.26311 0.72037 0.15764 0.19026
0 0.72186 0.06169 0.10593 0.10456
0 0.57938 0.06 0.07365 0.11991
0 0.35315 0.26224 0.08548 0.14996
0 0.27169 0.20731 0.13322 0.10192
0 0.44844 0.08061 0.11674 0.16072
0 0.27257 0.37305 0.08692 0.08871
0 0.23281 0.06745 0.09522 0.13489
0 0.38434 0.26468 0.14646 0.15359
0 0.26928 0.7021 0.14368 0.15221
0 0.43427 0.50925 0.12912 0.13283
0 0.4612 0.41917 0.11109 0.11442
0 0.53549 0.93664 0.16096 0.12529
0 0.43188 0.96832 0.0764 0.06212
0 0.67991 0.97208 0.10214 0.05489
0 0.50031 0.93777 0.09212 0.12205
0 0.24165 0.78104 0.11457 0.07601
0 0.72713 0.89557 0.08503 0.08773
0 0.26542 0.07112 0.15955 0.14169
0 0.29364 0.22515 0.09269 0.06762
0 0.52627 0.76424 0.12125 0.13118
0 0.50866 0.84821 0.11571 0.0705
0 0.39129 0.66007 0.10426 0.14663
0 0.2551 0.20664 0.09994 0.06475
0 0.67508 0.37053 0.09857 0.1204
0 0.6529 0.52633 0.21274 0.16022
0 0.68856 0.18347 0.09475 0.17035
0 0.44272 0.50792 0.14657 0.1397
0 0.23658 0.93513 0.14557 0.11528
