0 0.7003 0.26554 0.19935 0.18879
0 0.63792 0.53696 0.17139 0.16151
0 0.25209 0.08108 0.12427 0.14771
0 0.40227 0.31544 0.16032 0.17021
0 0.63486 0.80302 0.15784 0.2239
0 0.3009 0.53037 0.16045 0.1933
0 0.50278 0.40659 0.12469 0.173
0 0.531 0.27162 0.09255 0.12533
0 0.67577 0.64838 0.15893 0.07141
0 0.25357 0.70073 0.1436 0.14993
0 0.32213 0.78773 0.12345 0.1326
0 0.61375 0.18615 0.11361 0.17699
0 0.59407 0.15796 0.15268 0.23312
0 0.23361 0.89733 0.1433 0.14744
0 0.40003 0.08309 0.15186 0.16579
0 0.72573 0.90545 0.09642 0.12107
0 0.66282 0.38546 0.12688 0.1109
0 0.45335 0.94082 0.09075 0.10665
0 0.44548 0.85802 0.10581 0.07605
0 0.32615 0.25772 0.075 0.11798
0 0.26157 0.22614 0.10899 0.08023
0 0.54998 0.65856 0.10319 0.11987
0 0.49163 0.77664 0.08208 0.12638
0 0.26647 0.37851 0.0813 0.08535
0 0.35605 0.25844 0.13412 0.11952
0 0.41012 0.5112 0.13827 0.1372
0 0.43668 0.73582 0.12915 0.0639
0 0.67805 0.05877 0.12099 0.10604
0 0.47498 0.17793 0.08209 0.08803
0 0.37864 0.66526 0.11374 0.1359
0 0.56207 0.09771 0.08794 0.11433
0 0.23189 0.77421 0.10955 0.07545
0 0.52673 0.94482 0.09318 0.10901
0 0.25161 0.71671 0.14986 0.18374
0 0.46054 0.17786 0.11852 0.09077
0 0.40117 0.08163 0.11984 0.16134
0 0.27319 0.361 0.09466 0.12079
0 0.25221 0.91118 0.18109 0.17599
