0 0.38242 0.22852 0.13422 0.18782
0 0.51526 0.60365 0.1254 0.18408
0 0.49756 0.74675 0.15566 0.15477
0 0.69704 0.3872 0.14297 0.08512
0 0.52263 0.86831 0.14488 0.17275
0 0.43179 0.96098 0.10758 0.07638
0 0.69638 0.75025 0.10015 0.11771
0 0.68311 0.91503 0.07866 0.14016
0 0.47857 0.12629 0.09777 0.15479
0 0.60315 0.45841 0.10341 0.12364
0 0.40619 0.64175 0.11119 0.11665
0 0.43968 0.39894 0.13947 0.09663
0 0.53568 0.37279 0.07832 0.10893
0 0.64729 0.2579 0.1281 0.12555
0 0.62017 0.56151 0.10633 0.0825
0 0.71003 0.98463 0.07372 0.02886
0 0.61909 0.1951 0.09135 0.07657
0 0.65103 0.32974 0.08651 0.06031
0 0.68631 0.61228 0.06817 0.17179
0 0.35891 0.86103 0.06221 0.15165
0 0.48078 0.21601 0.09775 0.16143
0 0.33152 0.97152 0.10229 0.05588
0 0.31424 0.41471 0.08422 0.09661
0 0.35772 0.35164 0.10978 0.10769
0 0.69593 0.73234 0.10147 0.15297
0 0.62022 0.54787 0.10707 0.11052
