0 0.39403 0.2074 0.14024 0.21468
0 0.72647 0.95631 0.11139 0.08592
0 0.26451 0.42984 0.1631 0.15931
0 0.57514 0.59349 0.14613 0.19338
0 0.69624 0.51783 0.12915 0.11235
0 0.59417 0.86202 0.129 0.17946
0 0.55808 0.75028 0.15641 0.1582
0 0.41635 0.65739 0.16323 0.1349
0 0.62908 0.4307 0.09802 0.13653
0 0.28752 0.75026 0.08328 0.10778
0 0.69426 0.69329 0.09033 0.12934
0 0.45443 0.42394 0.14273 0.16032
0 0.68041 0.36313 0.10116 0.0729
0 0.25733 0.58338 0.10973 0.09634
0 0.54243 0.35646 0.09537 0.11304
0 0.4036 0.0653 0.09484 0.08691
0 0.33906 0.49088 0.08565 0.15112
0 0.45085 0.08962 0.19024 0.1761
0 0.46935 0.22715 0.08081 0.10788
0 0.34001 0.35121 0.09816 0.12551
0 0.59805 0.19728 0.09793 0.10654
0 0.37023 0.82613 0.09356 0.08955
0 0.47677 0.80182 0.08206 0.12647
0 0.58475 0.17881 0.07052 0.07039
0 0.33029 0.92494 0.07763 0.14902
0 0.68652 0.86076 0.03836 0.13076
0 0.36788 0.56622 0.09054 0.09413
0 0.2781 0.60751 0.15178 0.1438
0 0.61126 0.21616 0.07188 0.06755
0 0.30511 0.62606 0.0993 0.10791
0 0.68585 0.48394 0.07061 0.04681
0 0.52694 0.96035 0.13218 0.07834
0 0.60127 0.61863 0.09411 0.14285
0 0.30257 0.83447 0.05487 0.07975
0 0.55859 0.58508 0.11042 0.1766
0 0.69655 0.53087 0.12779 0.08518
0 0.48824 0.80082 0.10358 0.13102
