0 0.73894 0.53832 0.13182 0.11466
0 0.42567 0.22394 0.13857 0.2301
0 0.61722 0.62466 0.15023 0.2009
0 0.60702 0.79021 0.15216 0.16074
0 0.64296 0.89964 0.1486 0.17842
0 0.73985 0.71261 0.09665 0.13388
0 0.25456 0.46819 0.17473 0.17262
0 0.2902 0.81881 0.09262 0.1254
0 0.65404 0.45594 0.09202 0.13163
0 0.53119 0.84934 0.09503 0.1427
0 0.43544 0.7153 0.15869 0.11619
0 0.39916 0.08307 0.11088 0.1087
0 0.73971 0.96734 0.10779 0.06425
0 0.35706 0.37414 0.09533 0.14941
0 0.25015 0.63183 0.1226 0.1061
0 0.34067 0.95309 0.08957 0.09245
0 0.50729 0.11555 0.13119 0.15323
0 0.42943 0.57601 0.12819 0.1667
0 0.47753 0.03743 0.05947 0.07459
0 0.39626 0.89576 0.09244 0.10435
0 0.5623 0.37521 0.096 0.11946
0 0.35731 0.49084 0.08597 0.10503
0 0.66462 0.32438 0.05927 0.12977
0 0.30893 0.67853 0.11714 0.12709
0 0.48861 0.89923 0.09599 0.13101
0 0.48695 0.44584 0.13166 0.15678
0 0.70785 0.96732 0.17237 0.06438
0 0.27805 0.64851 0.17796 0.18592
0 0.44903 0.20529 0.09139 0.19335
0 0.49359 0.66578 0.10228 0.08419
0 0.6487 0.64785 0.08776 0.1496
0 0.28065 0.46824 0.22794 0.17295
0 0.29677 0.89994 0.07272 0.10864
0 0.59695 0.62084 0.11044 0.19306
0 0.64861 0.878 0.16342 0.22639
