0 0.35489 0.22363 0.1477 0.21549
0 0.53542 0.62592 0.14959 0.20269
0 0.66092 0.5512 0.13188 0.11973
0 0.66813 0.38531 0.12511 0.07795
0 0.51429 0.78257 0.16498 0.18392
0 0.43299 0.11381 0.16788 0.16048
0 0.55107 0.90054 0.13948 0.19621
0 0.37931 0.68404 0.15119 0.1316
0 0.67436 0.9094 0.05155 0.13947
0 0.60446 0.45477 0.10597 0.14555
0 0.7123 0.98251 0.08256 0.03336
0 0.65802 0.73371 0.08874 0.13014
0 0.69539 0.75387 0.069 0.10276
0 0.44455 0.24144 0.08799 0.11505
0 0.4202 0.43126 0.14953 0.1431
0 0.29694 0.51174 0.11001 0.14859
0 0.26785 0.76294 0.08498 0.10594
0 0.30604 0.93039 0.07554 0.13786
0 0.52125 0.37898 0.08946 0.11693
0 0.43222 0.83603 0.09772 0.13194
0 0.28071 0.65065 0.09633 0.08853
0 0.24342 0.44518 0.14605 0.15864
0 0.23738 0.59803 0.09916 0.08383
0 0.5932 0.22002 0.11369 0.12794
0 0.39481 0.08608 0.09099 0.09786
0 0.57634 0.1987 0.08029 0.0871
0 0.33057 0.84818 0.09961 0.08717
0 0.25798 0.62522 0.1408 0.13792
0 0.4188 0.4512 0.15635 0.18367
0 0.60421 0.23792 0.09224 0.08702
0 0.30613 0.37328 0.10389 0.13323
0 0.67202 0.73659 0.11529 0.13769
0 0.66118 0.56581 0.13084 0.0892
0 0.65589 0.37072 0.14976 0.10894
