0 0.48823 0.8014 0.13953 0.2002
0 0.56576 0.35671 0.14126 0.18355
0 0.60014 0.8467 0.09806 0.13018
0 0.54292 0.50533 0.15772 0.15146
0 0.75665 0.83228 0.14956 0.15334
0 0.4244 0.03396 0.10899 0.06795
0 0.76152 0.13399 0.16415 0.0775
0 0.64561 0.94421 0.11095 0.11024
0 0.75957 0.51921 0.09024 0.12421
0 0.67889 0.24094 0.14018 0.19777
0 0.4446 0.40739 0.11593 0.14195
0 0.72428 0.39029 0.10644 0.15849
0 0.56895 0.63008 0.14612 0.15813
0 0.74329 0.92954 0.12477 0.13914
0 0.37099 0.7983 0.10869 0.15004
0 0.35296 0.17994 0.08709 0.07209
0 0.7349 0.69798 0.07706 0.1369
0 0.39864 0.09703 0.11533 0.11257
0 0.38771 0.27522 0.12472 0.13679
0 0.5929 0.11303 0.08664 0.11832
0 0.68652 0.29728 0.12494 0.08587
0 0.65768 0.05957 0.05891 0.11901
0 0.35791 0.22626 0.10434 0.10999
0 0.66621 0.20694 0.1136 0.12399
0 0.71189 0.03374 0.08653 0.0675
0 0.49863 0.20793 0.1562 0.13503
0 0.7415 0.51255 0.12711 0.13949
0 0.53906 0.48286 0.15005 0.10547
