0 0.74819 0.20263 0.07216 0.09705
0 0.27281 0.50855 0.16014 0.22222
0 0.84281 0.8779 0.14963 0.22905
0 0.47369 0.41011 0.10544 0.27844
0 0.39664 0.19291 0.09352 0.14687
0 0.79514 0.71708 0.11642 0.22731
0 0.26562 0.69453 0.14549 0.12044
0 0.40125 0.71505 0.09746 0.11616
0 0.72942 0.31481 0.12701 0.12482
0 0.56341 0.02336 0.13045 0.04677
0 0.76614 0.94959 0.09868 0.0993
0 0.35142 0.93339 0.09913 0.13216
0 0.61851 0.37226 0.11027 0.28306
0 0.40534 0.48046 0.0896 0.12379
0 0.37423 0.05607 0.14698 0.11198
0 0.37594 0.08039 0.15072 0.1605
0 0.77118 0.56003 0.06065 0.05768
0 0.62238 0.65648 0.08239 0.19885
0 0.55984 0.26521 0.10057 0.18926
0 0.5986 0.41961 0.06996 0.18811
0 0.54312 0.82711 0.1866 0.14246
0 0.29117 0.46732 0.08188 0.1333
0 0.66634 0.18175 0.03918 0.10132
0 0.34211 0.79101 0.12567 0.13184
0 0.55433 0.90259 0.09219 0.07579
0 0.57579 0.21924 0.13266 0.28172
0 0.28697 0.76958 0.08317 0.13907
0 0.55424 0.2891 0.0888 0.14237
0 0.604 0.9342 0.24192 0.13063
0 0.46857 0.09829 0.08762 0.15114
0 0.5299 0.24842 0.08373 0.07933
0 0.60418 0.96037 0.2387 0.07839
0 0.68155 0.25081 0.08441 0.04869
0 0.38812 0.93292 0.17427 0.13295
0 0.56347 0.82101 0.14895 0.12986
0 0.6257 0.32526 0.04828 0.18771
0 0.32565 0.77988 0.15878 0.15323
0 0.39467 0.0972 0.08921 0.12826
0 0.71629 0.30271 0.15338 0.1495
