0 0.20813 0.2114 0.17338 0.1801
0 0.71162 0.26484 0.1166 0.09685
0 0.57667 0.82415 0.1099 0.18037
0 0.6065 0.35613 0.13282 0.18894
0 0.60316 0.50273 0.12951 0.14654
0 0.71234 0.42992 0.09182 0.12749
0 0.70624 0.7217 0.12406 0.09943
0 0.45796 0.29001 0.1311 0.18074
0 0.64786 0.60053 0.1194 0.15405
0 0.2738 0.58765 0.09363 0.13031
0 0.42713 0.45919 0.15153 0.13464
0 0.25418 0.41228 0.19862 0.14646
0 0.62108 0.20497 0.07761 0.10836
0 0.22217 0.39238 0.13483 0.10703
0 0.64197 0.80119 0.06889 0.11719
0 0.3904 0.02671 0.08404 0.05339
0 0.34375 0.2246 0.09879 0.09101
0 0.64112 0.06623 0.0752 0.13109
0 0.46357 0.1752 0.1001 0.152
0 0.29202 0.42823 0.12392 0.11474
0 0.26491 0.68569 0.09235 0.10935
0 0.39846 0.63907 0.09251 0.09028
0 0.33232 0.09938 0.10571 0.15342
0 0.4887 0.95409 0.10867 0.09084
0 0.32738 0.75132 0.09774 0.16555
0 0.53434 0.56767 0.08838 0.13151
0 0.64283 0.96705 0.11646 0.06422
0 0.66494 0.96696 0.07164 0.064
0 0.50259 0.87735 0.09316 0.10427
0 0.44961 0.43824 0.19643 0.17617
0 0.48038 0.64309 0.0979 0.11377
0 0.25403 0.39685 0.19898 0.17806
0 0.50534 0.39254 0.08739 0.08735
0 0.40131 0.96091 0.09224 0.07716
0 0.53807 0.10648 0.0776 0.12732
0 0.27662 0.91342 0.10477 0.1433
0 0.26856 0.88845 0.08857 0.10273
0 0.34001 0.20499 0.10701 0.13108
0 0.53944 0.09005 0.0816 0.16092
0 0.54221 0.58052 0.06991 0.10553
