0 0.59009 0.15842 0.16576 0.19047
0 0.78 0.6467 0.16533 0.11741
0 0.5632 0.31764 0.17542 0.16608
0 0.50532 0.65329 0.15034 0.2073
0 0.73247 0.06637 0.1433 0.10985
0 0.62162 0.68832 0.10045 0.12626
0 0.42818 0.25578 0.13915 0.14957
0 0.71059 0.92959 0.10368 0.11796
0 0.74906 0.77668 0.1132 0.1415
0 0.64696 0.8224 0.09658 0.16076
0 0.59427 0.44908 0.14432 0.15747
0 0.45155 0.1865 0.1129 0.10273
0 0.76216 0.34046 0.0901 0.11651
0 0.34483 0.69694 0.11391 0.1715
0 0.7373 0.53038 0.06265 0.13909
0 0.68134 0.03 0.11607 0.06012
0 0.3008 0.85633 0.11845 0.14857
0 0.71689 0.23467 0.10469 0.21432
0 0.32566 0.35555 0.07116 0.08214
0 0.34302 0.04214 0.10744 0.08435
0 0.48389 0.38503 0.10574 0.10625
0 0.37796 0.07566 0.13486 0.15005
0 0.41077 0.75596 0.12866 0.12132
0 0.29705 0.88306 0.11148 0.09498
0 0.72434 0.85066 0.08105 0.10103
0 0.29016 0.69924 0.08172 0.12905
0 0.36228 0.53076 0.08105 0.1708
0 0.48426 0.46643 0.07254 0.10862
0 0.47092 0.97295 0.11263 0.0528
0 0.30954 0.82663 0.08516 0.08805
0 0.57391 0.85877 0.06615 0.08644
0 0.38051 0.41156 0.09829 0.05948
0 0.60528 0.92826 0.09887 0.08293
0 0.30592 0.17498 0.09945 0.08173
0 0.54402 0.88394 0.12418 0.13516
0 0.29345 0.0466 0.07467 0.09308
0 0.71753 0.26762 0.10202 0.14849
0 0.3996 0.07627 0.17811 0.1513
0 0.556 0.58595 0.09183 0.113
0 0.60185 0.42553 0.15932 0.20529
