0 0.55061 0.16351 0.15375 0.19198
0 0.74928 0.68026 0.16715 0.13242
0 0.46376 0.65719 0.15051 0.20621
0 0.52061 0.32046 0.16834 0.17255
0 0.75518 0.3569 0.09332 0.12261
0 0.58403 0.70609 0.10386 0.13636
0 0.72833 0.91441 0.10655 0.16916
0 0.62942 0.84275 0.11685 0.1628
0 0.7261 0.55294 0.07917 0.14278
0 0.71773 0.20969 0.1104 0.18308
0 0.73479 0.80693 0.12688 0.16202
0 0.68165 0.06913 0.13304 0.11491
0 0.55255 0.44543 0.17041 0.18559
0 0.68478 0.9499 0.09161 0.09829
0 0.33696 0.67936 0.11549 0.15791
0 0.42142 0.19496 0.11574 0.10556
0 0.50438 0.89275 0.14156 0.12132
0 0.67057 0.06397 0.15572 0.12727
0 0.28664 0.85081 0.08636 0.09029
0 0.41345 0.26105 0.12382 0.13153
0 0.33496 0.35087 0.06077 0.07542
0 0.41664 0.23504 0.13046 0.18245
0 0.31507 0.96643 0.09744 0.06587
0 0.35264 0.07487 0.13663 0.14858
0 0.37413 0.88155 0.12538 0.12075
0 0.31254 0.0447 0.10136 0.08921
0 0.58695 0.93583 0.09649 0.09508
0 0.31495 0.80279 0.07345 0.08361
0 0.48641 0.91015 0.10554 0.0837
0 0.54614 0.34954 0.11588 0.11495
0 0.63914 0.60861 0.08156 0.10031
0 0.47221 0.04353 0.12304 0.08664
0 0.65431 0.0313 0.11902 0.06249
0 0.51631 0.29685 0.15827 0.12813
0 0.66616 0.27752 0.08875 0.14999
0 0.44308 0.38403 0.09163 0.11287
