0 0.704688 0.222917 0.125000 0.133333
0 0.482812 0.090625 0.165625 0.177083
0 0.657031 0.109375 0.123438 0.152083
0 0.321875 0.227083 0.093750 0.120833
0 0.528906 0.310417 0.104688 0.104167
0 0.461719 0.652083 0.104688 0.158333
0 0.360156 0.831250 0.126562 0.133333
0 0.263281 0.029167 0.135937 0.054167
0 0.439844 0.954167 0.107813 0.087500
0 0.754687 0.065625 0.096875 0.127083
0 0.731250 0.791667 0.078125 0.191667
0 0.630469 0.444792 0.095312 0.135417
0 0.303125 0.935417 0.175000 0.125000
0 0.298438 0.041667 0.206250 0.079167
0 0.595313 0.968750 0.090625 0.058333
0 0.309375 0.344792 0.106250 0.118750
0 0.692187 0.465625 0.062500 0.102083
0 0.591406 0.172917 0.076563 0.137500
0 0.564063 0.517708 0.093750 0.072917
0 0.629687 0.030208 0.068750 0.056250
0 0.516406 0.953125 0.073438 0.089583
0 0.458594 0.259375 0.082812 0.060417
0 0.792188 0.861458 0.118750 0.189583
0 0.366406 0.680208 0.079687 0.106250
0 0.701562 0.698958 0.078125 0.110417
0 0.666406 0.910417 0.070312 0.170833
0 0.598437 0.196875 0.062500 0.089583
0 0.344531 0.041667 0.114062 0.079167
0 0.557813 0.576042 0.106250 0.068750
0 0.803125 0.910417 0.096875 0.091667
0 0.478906 0.454167 0.073438 0.116667
0 0.627344 0.433333 0.107813 0.162500
0 0.622656 0.389583 0.104688 0.079167
0 0.658594 0.030208 0.126562 0.056250
0 0.313281 0.631250 0.098437 0.120833
0 0.298438 0.359375 0.084375 0.089583
0 0.518750 0.741667 0.093750 0.120833
0 0.725781 0.544792 0.082812 0.081250
0 0.367969 0.481250 0.082812 0.100000
0 0.342187 0.939583 0.106250 0.116667
0 0.750000 0.413542 0.121875 0.064583
0 0.376563 0.418750 0.096875 0.158333
