0 0.655469 0.279167 0.104688 0.129167
0 0.535937 0.234375 0.159375 0.202083
0 0.259375 0.584375 0.140625 0.139583
0 0.558594 0.559375 0.104688 0.131250
0 0.815625 0.235417 0.165625 0.083333
0 0.717187 0.581250 0.115625 0.125000
0 0.302344 0.357292 0.123438 0.235417
0 0.476562 0.075000 0.103125 0.145833
0 0.454688 0.893750 0.093750 0.191667
0 0.780469 0.889583 0.110937 0.112500
0 0.583594 0.168750 0.129688 0.120833
0 0.745313 0.798958 0.096875 0.143750
0 0.380469 0.196875 0.079687 0.135417
0 0.762500 0.728125 0.137500 0.139583
0 0.228125 0.403125 0.062500 0.097917
0 0.322656 0.920833 0.120313 0.154167
0 0.392969 0.416667 0.151562 0.145833
0 0.725781 0.135417 0.026562 0.145833
0 0.760156 0.409375 0.120313 0.131250
0 0.316406 0.160417 0.082812 0.162500
0 0.649219 0.463542 0.070312 0.147917
0 0.500781 0.447917 0.101562 0.058333
0 0.687500 0.168750 0.046875 0.087500
0 0.363281 0.580208 0.085938 0.202083
0 0.304688 0.734375 0.118750 0.131250
0 0.539062 0.977083 0.093750 0.041667
0 0.245312 0.882292 0.075000 0.081250
0 0.611719 0.596875 0.095312 0.118750
0 0.594531 0.408333 0.079687 0.070833
0 0.470313 0.566667 0.128125 0.145833
0 0.311719 0.178125 0.095312 0.197917
0 0.666406 0.800000 0.092188 0.150000
0 0.289062 0.226042 0.050000 0.102083
0 0.356250 0.057292 0.059375 0.081250
0 0.692187 0.473958 0.050000 0.089583
0 0.742188 0.708333 0.096875 0.095833
0 0.475781 0.062500 0.098437 0.116667
