0 0.5685 0.88171 0.12184 0.21316
0 0.40904 0.3357 0.15015 0.20356
0 0.32333 0.62045 0.12541 0.13193
0 0.51973 0.07006 0.1146 0.11885
0 0.41125 0.78047 0.10302 0.1266
0 0.74595 0.6416 0.09033 0.183
0 0.80772 0.78593 0.11688 0.09897
0 0.70176 0.52609 0.08038 0.1106
0 0.62457 0.96131 0.10675 0.07634
0 0.4601 0.44525 0.09002 0.16229
0 0.35878 0.9516 0.18972 0.09525
0 0.62801 0.20818 0.10299 0.13509
0 0.70185 0.25209 0.07076 0.11033
0 0.44297 0.15574 0.06558 0.14221
0 0.72023 0.36718 0.11777 0.0974
0 0.49024 0.78321 0.07802 0.13742
0 0.3966 0.95211 0.11681 0.0939
0 0.3093 0.42783 0.14173 0.12396
0 0.65818 0.76651 0.0778 0.18122
0 0.71462 0.02931 0.13181 0.05828
0 0.33248 0.44101 0.09991 0.09771
0 0.62546 0.19089 0.11941 0.17252
0 0.27515 0.11976 0.06797 0.08335
0 0.40208 0.49783 0.06032 0.16185
0 0.5455 0.67287 0.13385 0.1013
0 0.28661 0.09456 0.09208 0.13374
0 0.21962 0.79721 0.07485 0.04698
0 0.5514 0.35639 0.11347 0.08116
0 0.34921 0.16629 0.09939 0.15892
0 0.2877 0.42605 0.09882 0.1207
0 0.71155 0.88372 0.09647 0.07743
0 0.30514 0.95209 0.08344 0.0942
0 0.6504 0.21118 0.17048 0.21201
0 0.7532 0.72823 0.10834 0.15761
0 0.7657 0.71461 0.08098 0.13008
0 0.77151 0.21644 0.11301 0.06588
0 0.25978 0.74548 0.12009 0.13627
0 0.65139 0.287 0.09797 0.06864
0 0.5521 0.2894 0.10352 0.07576
0 0.62011 0.15296 0.10844 0.09803
0 0.34938 0.14577 0.0985 0.11167
0 0.7151 0.01116 0.13116 0.02231
