0 0.397656 0.125000 0.117188 0.179167
0 0.668750 0.111458 0.153125 0.185417
0 0.618750 0.515625 0.156250 0.185417
0 0.741406 0.535417 0.092188 0.133333
0 0.676562 0.862500 0.140625 0.175000
0 0.615625 0.669792 0.112500 0.135417
0 0.274219 0.936458 0.123438 0.064583
0 0.530469 0.570833 0.079687 0.150000
0 0.389062 0.908333 0.140625 0.179167
0 0.653125 0.262500 0.181250 0.083333
0 0.496875 0.172917 0.112500 0.129167
0 0.524219 0.322917 0.082812 0.137500
0 0.652344 0.960417 0.142187 0.075000
0 0.475000 0.038542 0.093750 0.072917
0 0.364063 0.372917 0.128125 0.208333
0 0.628906 0.037500 0.095312 0.070833
0 0.444531 0.458333 0.110937 0.162500
0 0.458594 0.691667 0.142187 0.170833
0 0.476562 0.915625 0.115625 0.160417
0 0.373437 0.746875 0.106250 0.093750
0 0.359375 0.491667 0.071875 0.075000
0 0.705469 0.677083 0.073438 0.087500
0 0.382031 0.609375 0.107813 0.164583
0 0.734375 0.764583 0.090625 0.075000
0 0.397656 0.595833 0.076563 0.133333
0 0.732812 0.342708 0.071875 0.085417
0 0.455469 0.573958 0.070312 0.118750
0 0.348438 0.648958 0.043750 0.085417
0 0.718750 0.427083 0.096875 0.116667
0 0.540625 0.857292 0.081250 0.127083
0 0.554688 0.139583 0.090625 0.120833
