0 0.573438 0.301042 0.156250 0.177083
0 0.340625 0.726042 0.137500 0.185417
0 0.480469 0.347917 0.082812 0.150000
0 0.699219 0.341667 0.092188 0.129167
0 0.567969 0.451042 0.114062 0.131250
0 0.710938 0.918750 0.106250 0.158333
0 0.630469 0.671875 0.142187 0.164583
0 0.221875 0.757292 0.128125 0.060417
0 0.612500 0.789583 0.156250 0.137500
0 0.545312 0.900000 0.143750 0.166667
0 0.404687 0.483333 0.162500 0.183333
0 0.446094 0.728125 0.082812 0.122917
0 0.319531 0.530208 0.110937 0.093750
0 0.305469 0.100000 0.092188 0.120833
0 0.696875 0.581250 0.078125 0.066667
0 0.386719 0.103125 0.092188 0.110417
0 0.300781 0.202083 0.114062 0.145833
0 0.607031 0.043750 0.182812 0.083333
0 0.331250 0.411458 0.109375 0.164583
0 0.685156 0.229167 0.085938 0.116667
0 0.518750 0.907292 0.193750 0.181250
0 0.398438 0.344792 0.068750 0.131250
0 0.660937 0.476042 0.075000 0.085417
0 0.636719 0.954167 0.067187 0.087500
0 0.467969 0.939583 0.092188 0.116667
0 0.307812 0.293750 0.075000 0.083333
0 0.645312 0.047917 0.078125 0.075000
0 0.475781 0.109375 0.082812 0.106250
0 0.375000 0.266667 0.075000 0.125000
0 0.503906 0.642708 0.060937 0.135417
0 0.680469 0.130208 0.092188 0.106250
0 0.318750 0.860417 0.118750 0.112500
0 0.475000 0.095833 0.084375 0.137500
0 0.468750 0.909375 0.093750 0.177083
0 0.432031 0.715625 0.110937 0.147917
