0 0.44582 0.79352 0.16113 0.21173
0 0.56891 0.92201 0.12074 0.15437
0 0.50248 0.25723 0.14541 0.16707
0 0.50363 0.53636 0.15539 0.1431
0 0.6862 0.449 0.08317 0.11175
0 0.62683 0.17202 0.12624 0.09474
0 0.39303 0.48593 0.1052 0.10506
0 0.55282 0.74418 0.13423 0.13699
0 0.364 0.30283 0.11609 0.09548
0 0.5923 0.10573 0.11243 0.12999
0 0.4709 0.40636 0.171 0.14749
0 0.65309 0.3145 0.08664 0.16054
0 0.38933 0.59922 0.09227 0.12844
0 0.69203 0.90926 0.15292 0.18
0 0.72739 0.95122 0.08373 0.09641
0 0.25008 0.95264 0.17524 0.09389
0 0.27124 0.31059 0.081 0.08388
0 0.67062 0.89261 0.11227 0.14989
0 0.30445 0.0421 0.09737 0.08431
0 0.30049 0.50169 0.09682 0.04838
0 0.27557 0.13628 0.10794 0.11505
0 0.20163 0.9547 0.07933 0.08922
0 0.27788 0.46138 0.05654 0.07507
0 0.26792 0.88914 0.12863 0.07021
0 0.32003 0.18677 0.14705 0.1652
0 0.26799 0.79153 0.1293 0.17933
0 0.31146 0.66858 0.09063 0.10844
0 0.43123 0.10074 0.1779 0.18572
0 0.65256 0.08233 0.09286 0.08721
0 0.31728 0.0432 0.1243 0.08626
0 0.49948 0.4239 0.1126 0.11136
0 0.72858 0.73148 0.15064 0.07427
0 0.23482 0.77413 0.12308 0.15383
0 0.52408 0.03378 0.08278 0.06746
