0 0.84719 0.68861 0.1545 0.23812
0 0.35055 0.3465 0.2258 0.25208
0 0.31531 0.72677 0.17147 0.11922
0 0.52543 0.52841 0.10318 0.1778
0 0.7887 0.52437 0.12322 0.15516
0 0.66612 0.14592 0.13131 0.19486
0 0.7254 0.79306 0.091 0.10562
0 0.33098 0.91956 0.09219 0.10844
0 0.48068 0.1763 0.10833 0.05731
0 0.52394 0.71956 0.09691 0.10578
0 0.77509 0.28037 0.12274 0.24042
0 0.7214 0.7252 0.11696 0.1195
0 0.70096 0.96509 0.1686 0.06836
0 0.65899 0.52936 0.1641 0.09432
0 0.2994 0.13258 0.0765 0.11582
0 0.56626 0.90227 0.07276 0.17164
0 0.39391 0.55089 0.1128 0.13148
0 0.40816 0.96018 0.06878 0.07795
0 0.83658 0.95003 0.09312 0.09736
0 0.33384 0.9767 0.07897 0.04519
0 0.58411 0.37488 0.14678 0.162
0 0.69145 0.64987 0.09173 0.08838
0 0.76378 0.90326 0.05003 0.10996
0 0.38876 0.55978 0.12705 0.15116
0 0.86315 0.92196 0.04732 0.07742
0 0.49496 0.04588 0.1945 0.09132
0 0.59756 0.66161 0.0769 0.11085
0 0.42494 0.81188 0.09226 0.17547
0 0.87214 0.9409 0.06588 0.11546
0 0.39803 0.57277 0.10094 0.08622
0 0.46299 0.41135 0.08738 0.13881
0 0.56909 0.96051 0.085 0.07737
0 0.6831 0.9667 0.13464 0.06549
0 0.33428 0.06221 0.10606 0.12405
0 0.68637 0.30656 0.12987 0.17674
0 0.74408 0.28168 0.1845 0.24251
0 0.45986 0.03916 0.1205 0.07839
0 0.56356 0.8714 0.06698 0.1082
0 0.38692 0.18116 0.10284 0.11077
