0 0.408594 0.775000 0.160938 0.200000
0 0.561719 0.133333 0.110937 0.175000
0 0.664062 0.452083 0.106250 0.116667
0 0.465625 0.259375 0.112500 0.164583
0 0.633594 0.313542 0.123438 0.168750
0 0.519531 0.742708 0.132812 0.131250
0 0.554688 0.919792 0.140625 0.156250
0 0.289062 0.753125 0.115625 0.160417
0 0.460938 0.518750 0.184375 0.170833
0 0.681250 0.159375 0.103125 0.102083
0 0.353125 0.481250 0.087500 0.100000
0 0.339062 0.310417 0.106250 0.095833
0 0.400781 0.113542 0.157812 0.164583
0 0.317188 0.188542 0.096875 0.118750
0 0.322656 0.657292 0.082812 0.077083
0 0.431250 0.406250 0.150000 0.141667
0 0.668750 0.566667 0.065625 0.058333
0 0.716406 0.751042 0.151562 0.081250
0 0.700000 0.348958 0.040625 0.114583
0 0.671875 0.040625 0.165625 0.077083
0 0.745313 0.953125 0.109375 0.089583
0 0.267188 0.155208 0.093750 0.110417
0 0.367188 0.114583 0.093750 0.170833
0 0.372656 0.588542 0.067187 0.131250
0 0.240625 0.844792 0.140625 0.060417
0 0.314844 0.053125 0.085938 0.102083
0 0.274219 0.925000 0.126562 0.145833
0 0.597656 0.554167 0.073438 0.087500
0 0.430469 0.545833 0.123438 0.116667
0 0.431250 0.113542 0.096875 0.114583
0 0.318750 0.202083 0.134375 0.150000
0 0.544531 0.345833 0.057813 0.112500
0 0.401562 0.100000 0.156250 0.137500
