0 0.76323 0.22396 0.20608 0.18296
0 0.56733 0.37978 0.16306 0.27381
0 0.22175 0.15463 0.09963 0.16432
0 0.44325 0.28091 0.15182 0.16107
0 0.40464 0.10365 0.16014 0.18842
0 0.58358 0.21556 0.1177 0.15009
0 0.39341 0.86956 0.09012 0.1225
0 0.63844 0.70597 0.10114 0.14922
0 0.68181 0.49001 0.07864 0.12279
0 0.21653 0.44813 0.05471 0.11627
0 0.24157 0.83741 0.15571 0.1512
0 0.46383 0.57432 0.09 0.09843
0 0.47518 0.75766 0.10013 0.10986
0 0.23704 0.23873 0.07937 0.05192
0 0.56079 0.76666 0.08815 0.14871
0 0.56486 0.90688 0.09865 0.14865
0 0.5795 0.04153 0.09782 0.08294
0 0.23257 0.61415 0.06833 0.07933
0 0.83431 0.02527 0.08323 0.05037
0 0.30479 0.79972 0.1317 0.21689
0 0.30854 0.96262 0.14856 0.07351
0 0.31012 0.64498 0.10073 0.14267
0 0.69209 0.56983 0.13785 0.11566
0 0.51481 0.85312 0.07056 0.14148
0 0.76799 0.50918 0.07081 0.08465
0 0.7896 0.07136 0.11763 0.14045
0 0.31021 0.61383 0.10422 0.20531
0 0.27539 0.97605 0.08134 0.04647
0 0.74269 0.88384 0.06524 0.1771
0 0.26348 0.8374 0.19956 0.15291
0 0.73505 0.74888 0.05962 0.0943
0 0.47702 0.42061 0.08522 0.11935
0 0.43166 0.66134 0.05388 0.12324
