0 0.67979 0.66108 0.07135 0.13161
0 0.3343 0.91931 0.14588 0.1601
0 0.36147 0.10488 0.1013 0.13977
0 0.52059 0.14618 0.10145 0.10447
0 0.84039 0.32784 0.21946 0.33257
0 0.70565 0.26531 0.13162 0.16296
0 0.29312 0.5859 0.07936 0.1014
0 0.88539 0.66408 0.07744 0.1243
0 0.30526 0.18103 0.09454 0.07016
0 0.87024 0.7375 0.065 0.12549
0 0.68602 0.40293 0.12076 0.12858
0 0.29673 0.34632 0.13097 0.05903
0 0.4445 0.34699 0.09941 0.07697
0 0.87409 0.86338 0.05419 0.14187
0 0.51401 0.68425 0.12612 0.15217
0 0.82673 0.49014 0.08541 0.06194
0 0.66313 0.83435 0.07425 0.10069
0 0.5957 0.73028 0.11799 0.11989
0 0.75648 0.93687 0.11951 0.12508
0 0.83843 0.36174 0.21397 0.26356
0 0.39384 0.65736 0.12968 0.10805
0 0.5445 0.06172 0.08867 0.07364
0 0.34933 0.70148 0.10789 0.12867
0 0.61391 0.60111 0.08839 0.03453
0 0.38537 0.77095 0.11697 0.10269
0 0.3044 0.50344 0.07412 0.07972
0 0.35516 0.02524 0.08997 0.05016
0 0.63989 0.3175 0.05396 0.08924
0 0.58951 0.96113 0.07215 0.07634
0 0.46846 0.59096 0.06591 0.12302
0 0.36023 0.42145 0.06074 0.12846
0 0.81421 0.68172 0.09005 0.06307
0 0.77545 0.75733 0.08077 0.10404
0 0.31447 0.33203 0.16704 0.08782
0 0.41056 0.77205 0.06671 0.09921
0 0.83553 0.84517 0.0298 0.10878
0 0.86764 0.30211 0.15637 0.14065
0 0.86662 0.22494 0.16667 0.12883
0 0.82719 0.40701 0.18995 0.17338
0 0.30556 0.19954 0.09563 0.10747
