0 0.69993 0.36998 0.14172 0.21791
0 0.22303 0.72048 0.18552 0.17226
0 0.38778 0.0875 0.09577 0.14979
0 0.22793 0.07281 0.18549 0.14533
0 0.21188 0.60535 0.10097 0.11589
0 0.61111 0.62899 0.07032 0.11573
0 0.47722 0.85563 0.11719 0.19629
0 0.2066 0.3391 0.16534 0.06138
0 0.41674 0.61517 0.12647 0.20234
0 0.61843 0.2733 0.08453 0.15884
0 0.22082 0.51558 0.08548 0.09487
0 0.5894 0.40686 0.08863 0.11409
0 0.26812 0.18434 0.11124 0.09988
0 0.40677 0.77198 0.10298 0.11592
0 0.7465 0.93056 0.14656 0.10038
0 0.54228 0.71771 0.08307 0.1044
0 0.64251 0.46034 0.06122 0.08281
0 0.3129 0.80575 0.12449 0.07417
0 0.31093 0.42115 0.09269 0.14232
0 0.25402 0.92803 0.13541 0.14004
0 0.42901 0.44232 0.06636 0.14434
0 0.26804 0.94393 0.0981 0.10851
0 0.29231 0.57444 0.06644 0.11442
0 0.49129 0.07311 0.07451 0.0849
0 0.52407 0.6707 0.10564 0.10241
0 0.46627 0.1554 0.08652 0.09566
0 0.47656 0.33721 0.0627 0.08883
0 0.39746 0.34268 0.08646 0.07482
0 0.5574 0.31894 0.07509 0.07369
0 0.68271 0.79738 0.04848 0.10212
0 0.58222 0.41389 0.07227 0.09716
0 0.53088 0.79783 0.06428 0.08941
0 0.59666 0.07023 0.13969 0.13978
0 0.74144 0.66327 0.02692 0.09715
0 0.67227 0.2611 0.05039 0.08612
0 0.54196 0.53269 0.06859 0.11374
0 0.36253 0.88761 0.06213 0.12848
0 0.71639 0.59299 0.04022 0.05965
0 0.33863 0.29431 0.0787 0.07737
0 0.69065 0.62017 0.0805 0.06585
0 0.78716 0.91366 0.06971 0.0677
0 0.42498 0.42131 0.05743 0.10192
0 0.24527 0.89394 0.12212 0.0748
0 0.2187 0.32217 0.19069 0.09538
0 0.48316 0.34808 0.07569 0.11153
0 0.73562 0.93409 0.11424 0.09055
