0 0.76509 0.09616 0.14563 0.19211
0 0.26819 0.27248 0.09907 0.12165
0 0.27983 0.41978 0.18328 0.15879
0 0.67203 0.32537 0.07313 0.12742
0 0.46396 0.42315 0.10597 0.12027
0 0.62988 0.91432 0.2024 0.16984
0 0.78052 0.94918 0.15838 0.10056
0 0.34797 0.24068 0.06949 0.13011
0 0.27673 0.18214 0.08636 0.08897
0 0.71145 0.20252 0.05027 0.09641
0 0.54148 0.53066 0.14453 0.21671
0 0.7988 0.82178 0.10838 0.05111
0 0.74489 0.48827 0.0505 0.10633
0 0.41291 0.31856 0.1118 0.10843
0 0.59464 0.4059 0.07113 0.10571
0 0.34991 0.63685 0.1868 0.14892
0 0.61072 0.73563 0.08002 0.07844
0 0.36487 0.08639 0.09617 0.1392
0 0.85237 0.65104 0.07599 0.07369
0 0.75805 0.94876 0.20384 0.10148
0 0.24255 0.87743 0.12379 0.15701
0 0.48629 0.07056 0.06835 0.14089
0 0.25324 0.89914 0.1459 0.20035
0 0.78863 0.67695 0.11079 0.07142
0 0.49687 0.26606 0.07914 0.16346
0 0.80732 0.37969 0.02626 0.10226
0 0.61325 0.28155 0.09764 0.10301
0 0.26206 0.95331 0.05394 0.09197
0 0.44261 0.82937 0.12006 0.14184
0 0.62771 0.26536 0.07183 0.06172
0 0.68767 0.62261 0.11504 0.15738
0 0.68367 0.80427 0.11401 0.11205
0 0.64135 0.03881 0.12745 0.07739
0 0.56379 0.13248 0.0514 0.09192
0 0.64807 0.09428 0.0913 0.13206
0 0.32279 0.77644 0.04428 0.07833
0 0.81178 0.66382 0.15656 0.09883
0 0.64392 0.08633 0.07451 0.11356
0 0.80718 0.3996 0.02726 0.14274
0 0.54169 0.05345 0.07274 0.10233
0 0.4817 0.34407 0.11379 0.16992
0 0.68709 0.78375 0.10534 0.07009
0 0.3733 0.47464 0.12569 0.08866
