0 0.2939 0.58304 0.16321 0.13422
0 0.4748 0.88297 0.17101 0.1552
0 0.71325 0.0782 0.18096 0.15604
0 0.82365 0.90607 0.14338 0.07045
0 0.78359 0.32677 0.08779 0.11578
0 0.49176 0.26445 0.1002 0.053
0 0.73841 0.37734 0.0786 0.1272
0 0.57251 0.49266 0.05751 0.10644
0 0.76911 0.16773 0.07579 0.09758
0 0.45205 0.37487 0.13647 0.13341
0 0.56901 0.31752 0.05227 0.12473
0 0.65112 0.96741 0.07096 0.06385
0 0.61369 0.53222 0.06105 0.0787
0 0.74377 0.5024 0.07815 0.14024
0 0.25128 0.91551 0.10925 0.10786
0 0.59171 0.0831 0.11599 0.16235
0 0.77296 0.83298 0.14425 0.08663
0 0.59448 0.23594 0.06481 0.10774
0 0.40435 0.74693 0.13064 0.17407
0 0.27768 0.22108 0.0718 0.0709
0 0.64597 0.39055 0.0907 0.08621
0 0.32687 0.93808 0.09474 0.12255
0 0.38214 0.75081 0.08664 0.15833
0 0.72897 0.49029 0.10898 0.16469
0 0.66858 0.65127 0.14044 0.15096
0 0.79652 0.73291 0.14874 0.12947
0 0.28738 0.82436 0.05527 0.09068
0 0.29895 0.68406 0.10811 0.06256
0 0.37922 0.33193 0.05203 0.11475
0 0.42654 0.23123 0.07078 0.07235
0 0.37483 0.27015 0.06297 0.07528
0 0.32712 0.80936 0.07941 0.12627
0 0.37422 0.05179 0.08761 0.05634
0 0.69678 0.46601 0.04632 0.12709
0 0.76082 0.97608 0.08255 0.04659
0 0.27834 0.23303 0.07395 0.09479
