0 0.39083 0.38638 0.08444 0.11317
0 0.21729 0.05844 0.05159 0.10597
0 0.24024 0.4865 0.14459 0.12067
0 0.74735 0.6935 0.13597 0.158
0 0.34942 0.76231 0.15785 0.11151
0 0.6666 0.84499 0.15061 0.07464
0 0.54752 0.27476 0.08543 0.1352
0 0.62185 0.22829 0.09038 0.11443
0 0.71015 0.31576 0.12709 0.13102
0 0.36548 0.18067 0.08758 0.05873
0 0.45802 0.1458 0.09235 0.10431
0 0.55208 0.40246 0.09242 0.14329
0 0.68937 0.55971 0.1183 0.13738
0 0.37182 0.96134 0.10095 0.07586
0 0.67185 0.95414 0.11556 0.09012
0 0.60409 0.62723 0.08452 0.12183
0 0.69475 0.78542 0.15455 0.08782
0 0.30964 0.25521 0.09804 0.13341
0 0.30746 0.2424 0.10282 0.16162
0 0.52124 0.02984 0.07503 0.05946
0 0.42102 0.65008 0.14274 0.09807
0 0.71731 0.44929 0.05836 0.08498
0 0.21904 0.94404 0.09758 0.1101
0 0.66409 0.06706 0.07185 0.11528
0 0.25023 0.94387 0.16008 0.11029
0 0.36482 0.30686 0.06895 0.0958
0 0.23356 0.24786 0.0641 0.06113
0 0.30953 0.41599 0.12967 0.2008
0 0.51103 0.92452 0.08465 0.14196
0 0.21982 0.76845 0.0729 0.07471
0 0.27711 0.86786 0.10512 0.13333
0 0.26564 0.83934 0.1301 0.1869
