0 0.78862 0.93011 0.17281 0.1386
0 0.57811 0.84414 0.22222 0.17186
0 0.72026 0.09215 0.07874 0.1082
0 0.66116 0.92494 0.09052 0.14863
0 0.38034 0.28698 0.09122 0.13018
0 0.20044 0.14662 0.10089 0.12564
0 0.58424 0.13354 0.09764 0.0711
0 0.45071 0.40485 0.12936 0.24389
0 0.62637 0.19741 0.10826 0.13735
0 0.28222 0.52428 0.18715 0.17273
0 0.23459 0.33964 0.13916 0.10198
0 0.87189 0.58418 0.08617 0.08645
0 0.82156 0.78298 0.12534 0.05027
0 0.68599 0.56741 0.1508 0.16054
0 0.27227 0.0985 0.05175 0.13517
0 0.23367 0.93571 0.12446 0.12749
0 0.77107 0.02898 0.13176 0.05813
0 0.4232 0.15425 0.0959 0.17698
0 0.54273 0.02225 0.06729 0.04445
0 0.33081 0.17739 0.12186 0.11923
0 0.2139 0.0477 0.08475 0.09344
0 0.28058 0.8045 0.11267 0.15126
0 0.57751 0.457 0.07548 0.07943
0 0.64249 0.19713 0.07548 0.13508
0 0.5439 0.28225 0.07615 0.10624
0 0.56589 0.65625 0.09444 0.06949
0 0.70549 0.73793 0.12445 0.06645
0 0.70551 0.73794 0.12437 0.06634
0 0.27328 0.08386 0.04843 0.10424
0 0.29107 0.27913 0.09369 0.06686
0 0.78465 0.20862 0.03305 0.05771
0 0.79196 0.61613 0.11774 0.07836
0 0.68624 0.66833 0.11722 0.0914
0 0.57707 0.05245 0.07143 0.07367
0 0.80794 0.33072 0.04402 0.24234
0 0.40376 0.92856 0.08235 0.14121
0 0.80888 0.26944 0.04084 0.11935
0 0.20579 0.77102 0.10823 0.15078
0 0.44386 0.08342 0.09684 0.0999
0 0.29218 0.56786 0.16375 0.08391
0 0.30487 0.32586 0.07469 0.06358
0 0.2718 0.3249 0.2133 0.15173
0 0.25203 0.32009 0.17401 0.14313
0 0.7137 0.37694 0.04707 0.12157
0 0.24382 0.48989 0.10948 0.1042
0 0.566 0.65012 0.09621 0.09461
0 0.69457 0.54991 0.13182 0.12514
0 0.42305 0.15365 0.09667 0.17501
