0 0.80597 0.83173 0.19767 0.24487
0 0.77009 0.09276 0.09269 0.10825
0 0.47908 0.24323 0.13047 0.28382
0 0.83138 0.50673 0.08718 0.08571
0 0.48922 0.79646 0.16688 0.12258
0 0.75559 0.20795 0.10967 0.14826
0 0.66872 0.59885 0.14056 0.22042
0 0.23267 0.7942 0.09352 0.13995
0 0.26702 0.34298 0.13712 0.17737
0 0.64315 0.86064 0.11932 0.18039
0 0.43194 0.10821 0.17089 0.21576
0 0.67632 0.0749 0.04003 0.10087
0 0.43385 0.65967 0.17197 0.15585
0 0.24832 0.67444 0.07636 0.09472
0 0.67119 0.97121 0.09238 0.05651
0 0.60065 0.53386 0.13485 0.17821
0 0.34561 0.91687 0.08612 0.10714
0 0.25487 0.48703 0.15297 0.1145
0 0.61313 0.23439 0.09939 0.13192
0 0.74554 0.63452 0.13104 0.11304
0 0.39379 0.77362 0.08254 0.06428
0 0.54564 0.94907 0.11127 0.09948
0 0.28041 0.56105 0.1027 0.08442
0 0.36707 0.03649 0.05111 0.07274
0 0.41452 0.70944 0.0938 0.06106
0 0.26897 0.84861 0.0787 0.08511
0 0.39532 0.13799 0.09105 0.15377
0 0.37662 0.26841 0.09334 0.15213
0 0.67471 0.37039 0.07012 0.13527
0 0.67914 0.16297 0.05478 0.09234
0 0.39883 0.53444 0.06706 0.06009
0 0.24062 0.46031 0.12403 0.06122
0 0.66286 0.13231 0.08533 0.15289
0 0.61706 0.76517 0.09246 0.10193
0 0.47864 0.27943 0.12834 0.20677
0 0.46067 0.08854 0.1123 0.17642
0 0.5164 0.49745 0.15504 0.12726
0 0.27751 0.84604 0.09584 0.09126
0 0.27623 0.50607 0.1125 0.07659
