0 0.79528 0.67965 0.21601 0.25087
0 0.46176 0.09144 0.16314 0.18271
0 0.59783 0.88695 0.16201 0.22429
0 0.64012 0.41537 0.16469 0.23484
0 0.87747 0.33348 0.09629 0.09648
0 0.47235 0.60778 0.17257 0.11328
0 0.69191 0.17023 0.09348 0.1557
0 0.28349 0.13244 0.138 0.18734
0 0.61133 0.69069 0.1202 0.18193
0 0.25889 0.27951 0.12951 0.12094
0 0.2851 0.36 0.11445 0.08143
0 0.38963 0.51341 0.09544 0.06311
0 0.63072 0.04534 0.11377 0.0905
0 0.76172 0.22615 0.04736 0.12276
0 0.29507 0.928 0.10791 0.12265
0 0.8377 0.38958 0.09464 0.10974
0 0.2453 0.46538 0.06939 0.09111
0 0.2364 0.57249 0.10875 0.13082
0 0.71193 0.89567 0.126 0.15218
0 0.49387 0.30553 0.14955 0.12724
0 0.4012 0.9822 0.08789 0.03427
0 0.4535 0.48213 0.10456 0.12264
0 0.48502 0.30595 0.1703 0.13146
0 0.34393 0.72593 0.08577 0.14175
0 0.31099 0.62958 0.09541 0.0748
0 0.35481 0.06562 0.10788 0.13075
0 0.4942 0.745 0.10462 0.1109
0 0.41893 0.92714 0.13446 0.14377
0 0.70606 0.91564 0.07047 0.11006
0 0.54182 0.41497 0.1068 0.20065
0 0.3795 0.44322 0.08023 0.08486
0 0.24883 0.82772 0.05299 0.11985
0 0.79071 0.03526 0.06898 0.07032
0 0.42246 0.47256 0.16572 0.1439
0 0.50471 0.84415 0.08483 0.12004
0 0.52034 0.97354 0.09672 0.05162
0 0.37238 0.57596 0.07475 0.06451
0 0.40959 0.85578 0.06349 0.12289
0 0.35392 0.09184 0.10949 0.18285
0 0.59631 0.58696 0.07677 0.09782
0 0.20905 0.5734 0.05364 0.12882
0 0.63015 0.29421 0.09142 0.07663
0 0.23231 0.8279 0.08733 0.12104
0 0.40692 0.27362 0.04827 0.18376
0 0.75749 0.23318 0.08231 0.13684
0 0.83642 0.37818 0.09793 0.13375
