0 0.81166 0.39558 0.11822 0.21104
0 0.35373 0.78899 0.18291 0.20906
0 0.36799 0.11791 0.2416 0.23557
0 0.64001 0.32461 0.07918 0.18638
0 0.38852 0.5031 0.15671 0.13064
0 0.73657 0.51162 0.08802 0.09212
0 0.49248 0.71426 0.09736 0.09894
0 0.6121 0.75344 0.10441 0.24866
0 0.45623 0.3368 0.14718 0.17345
0 0.75288 0.23365 0.07007 0.1565
0 0.6067 0.90374 0.10086 0.08911
0 0.68393 0.7845 0.07008 0.11359
0 0.64714 0.64363 0.06773 0.13566
0 0.74597 0.06596 0.14463 0.13212
0 0.50062 0.04604 0.12667 0.09181
0 0.57467 0.47559 0.07837 0.10337
0 0.80139 0.82715 0.05414 0.10198
0 0.65233 0.939 0.11299 0.11971
0 0.7621 0.90501 0.10646 0.13564
0 0.54809 0.19536 0.05737 0.15417
0 0.48761 0.36519 0.09235 0.08567
0 0.69576 0.37795 0.07276 0.072
0 0.29495 0.3221 0.03919 0.11391
0 0.59258 0.75358 0.14588 0.25453
0 0.54755 0.1722 0.04994 0.1085
0 0.40439 0.67559 0.0745 0.10218
0 0.49284 0.89429 0.1482 0.12595
0 0.72375 0.68156 0.08553 0.09991
0 0.57716 0.35806 0.06549 0.11216
0 0.77701 0.93664 0.07643 0.07129
0 0.48316 0.55807 0.07 0.15625
0 0.53293 0.91792 0.07368 0.06706
0 0.70778 0.27996 0.08562 0.08745
0 0.36342 0.65812 0.08054 0.10372
0 0.43627 0.37688 0.06988 0.0951
0 0.74209 0.59517 0.05133 0.08804
0 0.79571 0.71326 0.06788 0.10385
0 0.71715 0.45956 0.0867 0.13424
0 0.36244 0.92264 0.10161 0.08123
0 0.70687 0.07128 0.22334 0.14209
0 0.57312 0.78324 0.11299 0.18127
0 0.56719 0.35794 0.08631 0.11633
0 0.39487 0.11857 0.32518 0.23662
