0 0.83699 0.16176 0.23783 0.31843
0 0.28025 0.84688 0.18672 0.20476
0 0.13623 0.16738 0.18411 0.11463
0 0.36222 0.17116 0.13285 0.12275
0 0.17498 0.47309 0.10887 0.11954
0 0.83759 0.94668 0.12746 0.10519
0 0.31824 0.59666 0.1451 0.13076
0 0.36737 0.71663 0.08006 0.09457
0 0.26197 0.27699 0.11985 0.20789
0 0.54734 0.63327 0.07682 0.11947
0 0.8492 0.84125 0.17802 0.1178
0 0.79622 0.49762 0.11353 0.12127
0 0.69588 0.07492 0.16772 0.14946
0 0.1801 0.37328 0.09103 0.10874
0 0.65893 0.53427 0.08488 0.13895
0 0.52069 0.1389 0.09908 0.15592
0 0.16686 0.02493 0.10754 0.0498
0 0.65732 0.21159 0.14181 0.15656
0 0.55839 0.93059 0.16868 0.13408
0 0.85295 0.57435 0.05606 0.12041
0 0.36183 0.03728 0.07909 0.07457
0 0.75361 0.59671 0.12683 0.16661
0 0.45794 0.79014 0.11168 0.16846
0 0.65348 0.39559 0.06587 0.07485
0 0.3469 0.35982 0.075 0.20335
0 0.40398 0.56017 0.10485 0.30769
0 0.5889 0.48505 0.11551 0.05146
0 0.61502 0.53156 0.17348 0.14457
0 0.60541 0.65524 0.07056 0.09491
0 0.29398 0.70407 0.07564 0.06573
0 0.64631 0.16819 0.16409 0.241
0 0.48049 0.31056 0.11346 0.16568
0 0.82424 0.84012 0.12954 0.11372
0 0.8523 0.47014 0.06696 0.10272
0 0.71462 0.8376 0.12744 0.11209
0 0.23934 0.58421 0.12191 0.1259
0 0.40402 0.51581 0.10309 0.20454
0 0.57012 0.54337 0.10654 0.08815
0 0.83875 0.70121 0.05216 0.15122
0 0.77204 0.61042 0.08527 0.13934
0 0.58152 0.92626 0.12457 0.12701
0 0.54943 0.93276 0.13188 0.11425
0 0.84803 0.02725 0.14279 0.05429
