0 0.67524 0.21428 0.21566 0.3286
0 0.86682 0.06248 0.19147 0.12488
0 0.51777 0.0824 0.18383 0.16451
0 0.80436 0.8398 0.1238 0.15769
0 0.41832 0.93157 0.1578 0.13551
0 0.43099 0.49275 0.16429 0.1551
0 0.72984 0.56569 0.10444 0.15569
0 0.23394 0.25667 0.06034 0.14253
0 0.31 0.59883 0.22882 0.21281
0 0.47021 0.73488 0.08604 0.1309
0 0.30048 0.92868 0.10428 0.14082
0 0.67234 0.04568 0.14473 0.09122
0 0.3425 0.42502 0.09574 0.23306
0 0.65151 0.76445 0.1006 0.12944
0 0.33415 0.81894 0.08896 0.17646
0 0.76298 0.93318 0.12483 0.13184
0 0.56177 0.40933 0.15072 0.10826
0 0.65014 0.64565 0.09421 0.12802
0 0.77939 0.3155 0.08288 0.14226
0 0.5581 0.6166 0.10408 0.13231
0 0.27922 0.10819 0.0934 0.06413
0 0.39018 0.0456 0.10581 0.09125
0 0.26695 0.86423 0.07713 0.05192
0 0.70376 0.93179 0.24265 0.13468
0 0.52946 0.41224 0.0857 0.10189
0 0.43016 0.46914 0.16845 0.20519
0 0.69943 0.96034 0.07407 0.07741
0 0.43358 0.24543 0.06749 0.12908
0 0.28965 0.4141 0.12568 0.10709
0 0.83443 0.29886 0.0803 0.12026
0 0.36104 0.81103 0.14303 0.20079
0 0.46923 0.83727 0.11884 0.06183
0 0.53816 0.24906 0.10044 0.18504
0 0.69419 0.04558 0.09792 0.09007
0 0.56861 0.5 0.11728 0.09275
