0 0.23712 0.58083 0.19838 0.19367
0 0.66967 0.20687 0.09615 0.16518
0 0.12319 0.13962 0.12624 0.15304
0 0.78677 0.89253 0.17025 0.17632
0 0.57479 0.88213 0.22974 0.23339
0 0.83609 0.74833 0.13424 0.09494
0 0.19974 0.30072 0.17508 0.16784
0 0.81383 0.20449 0.10817 0.09883
0 0.34304 0.37799 0.10792 0.14179
0 0.5776 0.68945 0.1286 0.11708
0 0.8735 0.27201 0.05158 0.14292
0 0.86689 0.17184 0.06364 0.101
0 0.20533 0.10292 0.06028 0.13805
0 0.45529 0.28179 0.09953 0.13463
0 0.71561 0.64968 0.13465 0.12084
0 0.76889 0.30358 0.13195 0.13919
0 0.64337 0.06499 0.10903 0.12635
0 0.78783 0.01296 0.08297 0.02579
0 0.4507 0.48099 0.12066 0.23509
0 0.74121 0.44834 0.04882 0.13115
0 0.41422 0.13409 0.07515 0.21403
0 0.12612 0.03978 0.10525 0.07915
0 0.5488 0.32463 0.08745 0.13639
0 0.53928 0.05205 0.07921 0.0868
0 0.35877 0.20873 0.07593 0.18828
0 0.66577 0.89697 0.08423 0.16297
0 0.28971 0.23612 0.16635 0.13145
0 0.56381 0.25259 0.13066 0.13281
0 0.90944 0.60461 0.0866 0.09838
0 0.59228 0.41514 0.08305 0.11487
0 0.25223 0.49173 0.13538 0.10776
0 0.57149 0.57766 0.08348 0.13219
0 0.83366 0.61057 0.14208 0.10363
0 0.75604 0.48981 0.07691 0.13983
0 0.65813 0.73324 0.10565 0.10978
0 0.23284 0.73052 0.20164 0.11016
0 0.25879 0.39766 0.09813 0.09472
0 0.85459 0.39211 0.05249 0.17821
0 0.22718 0.8903 0.11304 0.21417
0 0.60892 0.30497 0.06383 0.0932
0 0.45933 0.79258 0.12816 0.21023
0 0.613 0.11318 0.14632 0.09513
0 0.85699 0.60971 0.18837 0.10547
0 0.42512 0.05103 0.11974 0.09977
0 0.20952 0.86777 0.07722 0.16938
0 0.70615 0.51169 0.17549 0.1821
0 0.40063 0.31452 0.0728 0.14225
0 0.38462 0.31362 0.10365 0.14644
