0 0.71256 0.74518 0.11748 0.19741
0 0.61202 0.12155 0.07737 0.11134
0 0.70656 0.95474 0.15332 0.08943
0 0.39752 0.05419 0.14791 0.10816
0 0.14947 0.59494 0.18971 0.24668
0 0.34649 0.4774 0.10659 0.29618
0 0.21961 0.11027 0.18061 0.16615
0 0.27041 0.27724 0.10731 0.1503
0 0.66952 0.68403 0.1051 0.19176
0 0.33743 0.23816 0.07016 0.11775
0 0.17079 0.78117 0.15626 0.1401
0 0.45473 0.27178 0.13406 0.16277
0 0.53328 0.11632 0.05226 0.09701
0 0.30924 0.79962 0.09716 0.13492
0 0.49742 0.87906 0.23903 0.23898
0 0.63722 0.44884 0.0654 0.06437
0 0.56882 0.6087 0.10234 0.1764
0 0.64749 0.85995 0.08717 0.14
0 0.48228 0.43219 0.08322 0.31058
0 0.28891 0.60369 0.09577 0.08576
0 0.51704 0.72158 0.09064 0.21438
0 0.55103 0.23513 0.09233 0.08842
0 0.25079 0.86072 0.10582 0.15685
0 0.37986 0.64913 0.0838 0.10221
0 0.25161 0.47861 0.08877 0.12745
0 0.15841 0.5381 0.1077 0.13392
0 0.60878 0.24266 0.11146 0.10619
0 0.47771 0.49202 0.0745 0.18674
0 0.62345 0.46558 0.09314 0.09898
0 0.27277 0.95504 0.1052 0.08871
0 0.45424 0.31883 0.13524 0.25825
0 0.17654 0.65536 0.13492 0.12496
0 0.14947 0.62384 0.18923 0.18815
0 0.40072 0.05368 0.2014 0.10728
0 0.22666 0.11133 0.12782 0.16325
0 0.60661 0.22869 0.11533 0.13427
0 0.51767 0.89339 0.19739 0.20417
0 0.33838 0.22625 0.07509 0.14611
0 0.49436 0.4259 0.10777 0.3233
